No.1It's not a hypereuler graph(All conditions are not met):
0 1 1 1 1 1 1 1 1 1 1 1 1 1 0 0 0 0 0 0 
1 0 1 1 1 1 0 0 0 0 0 0 0 0 0 0 0 0 0 0 
1 1 0 1 1 1 0 0 0 0 0 0 0 0 0 0 0 0 0 0 
1 1 1 0 0 1 0 0 1 1 0 1 0 1 1 1 1 0 0 0 
1 1 1 0 0 0 0 0 0 0 0 0 0 0 0 0 0 0 0 0 
1 1 1 1 0 0 0 0 1 1 0 1 0 1 1 1 1 0 0 0 
1 0 0 0 0 0 0 0 0 0 0 0 0 0 0 0 0 0 0 0 
1 0 0 0 0 0 0 0 0 0 0 0 0 0 0 0 0 0 0 0 
1 0 0 1 0 1 0 0 0 0 0 1 0 1 1 1 1 1 0 0 
1 0 0 1 0 1 0 0 0 0 0 0 0 0 0 0 0 0 0 0 
1 0 0 0 0 0 0 0 0 0 0 0 0 0 0 0 0 0 0 0 
1 0 0 1 0 1 0 0 1 0 0 0 0 1 0 0 0 0 0 0 
1 0 0 0 0 0 0 0 0 0 0 0 0 0 0 0 0 0 0 0 
1 0 0 1 0 1 0 0 1 0 0 1 0 0 1 1 1 1 0 0 
0 0 0 1 0 1 0 0 1 0 0 0 0 1 0 1 0 0 0 0 
0 0 0 1 0 1 0 0 1 0 0 0 0 1 1 0 1 1 1 1 
0 0 0 1 0 1 0 0 1 0 0 0 0 1 0 1 0 0 0 0 
0 0 0 0 0 0 0 0 1 0 0 0 0 1 0 1 0 0 0 0 
0 0 0 0 0 0 0 0 0 0 0 0 0 0 0 1 0 0 0 0 
0 0 0 0 0 0 0 0 0 0 0 0 0 0 0 1 0 0 0 0 
No.2It's not a hypereuler graph(All conditions are not met):
0 1 1 1 1 1 1 1 0 0 0 0 0 0 0 0 0 0 0 0 
1 0 0 0 0 0 0 0 0 0 0 0 0 0 0 0 0 0 0 0 
1 0 0 1 1 1 1 1 1 1 1 1 1 0 0 0 0 0 0 0 
1 0 1 0 1 1 1 1 1 1 1 0 0 0 0 0 0 0 0 0 
1 0 1 1 0 0 0 1 1 1 1 1 0 1 0 0 0 0 0 0 
1 0 1 1 0 0 0 0 0 0 0 0 0 0 0 0 0 0 0 0 
1 0 1 1 0 0 0 0 0 0 0 0 0 0 0 0 0 0 0 0 
1 0 1 1 1 0 0 0 0 1 0 1 0 1 1 1 1 1 0 0 
0 0 1 1 1 0 0 0 0 0 0 0 0 0 0 0 0 0 0 0 
0 0 1 1 1 0 0 1 0 0 0 1 0 1 1 1 1 0 0 0 
0 0 1 1 1 0 0 0 0 0 0 0 0 0 0 0 0 0 0 0 
0 0 1 0 1 0 0 1 0 1 0 0 0 1 1 1 1 0 1 0 
0 0 1 0 0 0 0 0 0 0 0 0 0 0 0 0 0 0 0 0 
0 0 0 0 1 0 0 1 0 1 0 1 0 0 0 1 0 0 0 0 
0 0 0 0 0 0 0 1 0 1 0 1 0 0 0 0 0 0 0 0 
0 0 0 0 0 0 0 1 0 1 0 1 0 1 0 0 1 0 1 1 
0 0 0 0 0 0 0 1 0 1 0 1 0 0 0 1 0 0 1 0 
0 0 0 0 0 0 0 1 0 0 0 0 0 0 0 0 0 0 0 0 
0 0 0 0 0 0 0 0 0 0 0 1 0 0 0 1 1 0 0 0 
0 0 0 0 0 0 0 0 0 0 0 0 0 0 0 1 0 0 0 0 
No.3It's not a hypereuler graph(All conditions are not met):
0 1 1 1 1 1 1 1 1 1 1 1 0 0 0 0 0 0 0 0 
1 0 1 1 1 1 0 0 0 0 0 0 0 0 0 0 0 0 0 0 
1 1 0 1 1 1 1 1 1 1 1 1 0 0 0 0 0 0 0 0 
1 1 1 0 0 1 1 1 1 0 0 0 0 0 0 0 0 0 0 0 
1 1 1 0 0 0 0 0 0 0 0 0 0 0 0 0 0 0 0 0 
1 1 1 1 0 0 0 1 0 1 1 1 1 0 0 0 0 0 0 0 
1 0 1 1 0 0 0 0 0 0 0 0 0 0 0 0 0 0 0 0 
1 0 1 1 0 1 0 0 0 0 1 0 0 0 0 0 0 0 0 0 
1 0 1 1 0 0 0 0 0 0 0 0 0 0 0 0 0 0 0 0 
1 0 1 0 0 1 0 0 0 0 0 0 0 0 0 0 0 0 0 0 
1 0 1 0 0 1 0 1 0 0 0 1 0 0 0 0 0 0 0 0 
1 0 1 0 0 1 0 0 0 0 1 0 1 1 1 1 1 0 0 0 
0 0 0 0 0 1 0 0 0 0 0 1 0 1 1 1 0 0 0 0 
0 0 0 0 0 0 0 0 0 0 0 1 1 0 1 1 1 1 1 0 
0 0 0 0 0 0 0 0 0 0 0 1 1 1 0 0 0 0 0 0 
0 0 0 0 0 0 0 0 0 0 0 1 1 1 0 0 1 1 0 0 
0 0 0 0 0 0 0 0 0 0 0 1 0 1 0 1 0 0 0 0 
0 0 0 0 0 0 0 0 0 0 0 0 0 1 0 1 0 0 0 1 
0 0 0 0 0 0 0 0 0 0 0 0 0 1 0 0 0 0 0 0 
0 0 0 0 0 0 0 0 0 0 0 0 0 0 0 0 0 1 0 0 
No.4It's not a hypereuler graph(All conditions are not met):
0 1 1 1 1 1 0 0 0 0 0 0 0 0 0 0 0 0 0 0 
1 0 0 0 0 0 0 0 0 0 0 0 0 0 0 0 0 0 0 0 
1 0 0 1 1 1 1 1 1 0 0 0 0 0 0 0 0 0 0 0 
1 0 1 0 1 1 1 1 1 0 0 0 0 0 0 0 0 0 0 0 
1 0 1 1 0 1 1 1 1 1 1 1 1 1 1 0 0 0 0 0 
1 0 1 1 1 0 1 1 1 1 1 0 0 0 0 0 0 0 0 0 
0 0 1 1 1 1 0 1 1 1 0 0 0 0 0 0 0 0 0 0 
0 0 1 1 1 1 1 0 0 0 0 0 0 0 0 0 0 0 0 0 
0 0 1 1 1 1 1 0 0 0 0 0 0 0 0 0 0 0 0 0 
0 0 0 0 1 1 1 0 0 0 1 1 1 1 1 1 1 1 1 1 
0 0 0 0 1 1 0 0 0 1 0 1 1 1 1 1 1 1 1 0 
0 0 0 0 1 0 0 0 0 1 1 0 1 1 1 1 1 1 0 0 
0 0 0 0 1 0 0 0 0 1 1 1 0 1 1 1 0 0 0 0 
0 0 0 0 1 0 0 0 0 1 1 1 1 0 1 1 0 0 0 0 
0 0 0 0 1 0 0 0 0 1 1 1 1 1 0 1 0 0 0 0 
0 0 0 0 0 0 0 0 0 1 1 1 1 1 1 0 1 0 0 0 
0 0 0 0 0 0 0 0 0 1 1 1 0 0 0 1 0 0 1 0 
0 0 0 0 0 0 0 0 0 1 1 1 0 0 0 0 0 0 0 0 
0 0 0 0 0 0 0 0 0 1 1 0 0 0 0 0 1 0 0 0 
0 0 0 0 0 0 0 0 0 1 0 0 0 0 0 0 0 0 0 0 
No.5It's not a hypereuler graph(All conditions are not met):
0 1 1 1 1 1 1 1 1 1 0 0 0 0 0 0 0 0 0 0 
1 0 0 1 1 0 0 0 0 0 0 0 0 0 0 0 0 0 0 0 
1 0 0 0 0 0 0 0 0 0 0 0 0 0 0 0 0 0 0 0 
1 1 0 0 1 1 1 0 0 0 0 0 0 0 0 0 0 0 0 0 
1 1 0 1 0 1 1 1 1 1 1 0 0 0 0 0 0 0 0 0 
1 0 0 1 1 0 0 1 1 1 0 1 0 0 0 0 0 0 0 0 
1 0 0 1 1 0 0 0 0 0 0 0 0 0 0 0 0 0 0 0 
1 0 0 0 1 1 0 0 1 1 0 1 1 1 1 1 1 0 0 0 
1 0 0 0 1 1 0 1 0 1 0 1 1 1 1 1 1 0 0 0 
1 0 0 0 1 1 0 1 1 0 0 1 1 0 0 0 0 0 0 0 
0 0 0 0 1 0 0 0 0 0 0 0 0 0 0 0 0 0 0 0 
0 0 0 0 0 1 0 1 1 1 0 0 1 1 1 1 1 1 1 0 
0 0 0 0 0 0 0 1 1 1 0 1 0 1 0 1 1 0 1 1 
0 0 0 0 0 0 0 1 1 0 0 1 1 0 0 1 1 0 1 0 
0 0 0 0 0 0 0 1 1 0 0 1 0 0 0 0 0 0 0 0 
0 0 0 0 0 0 0 1 1 0 0 1 1 1 0 0 1 0 1 0 
0 0 0 0 0 0 0 1 1 0 0 1 1 1 0 1 0 0 1 0 
0 0 0 0 0 0 0 0 0 0 0 1 0 0 0 0 0 0 0 0 
0 0 0 0 0 0 0 0 0 0 0 1 1 1 0 1 1 0 0 0 
0 0 0 0 0 0 0 0 0 0 0 0 1 0 0 0 0 0 0 0 
No.6It's not a hypereuler graph(All conditions are not met):
0 1 1 1 1 1 0 0 0 0 0 0 0 0 0 0 0 0 0 0 
1 0 1 1 0 0 1 1 1 1 1 1 1 1 0 0 0 0 0 0 
1 1 0 1 0 0 1 1 0 1 1 1 0 1 1 1 0 0 0 0 
1 1 1 0 0 0 0 0 0 0 0 0 0 0 0 0 0 0 0 0 
1 0 0 0 0 0 0 0 0 0 0 0 0 0 0 0 0 0 0 0 
1 0 0 0 0 0 0 0 0 0 0 0 0 0 0 0 0 0 0 0 
0 1 1 0 0 0 0 1 0 1 1 1 0 1 1 1 1 1 1 1 
0 1 1 0 0 0 1 0 0 1 1 1 0 1 1 1 0 1 1 0 
0 1 0 0 0 0 0 0 0 0 0 0 0 0 0 0 0 0 0 0 
0 1 1 0 0 0 1 1 0 0 1 0 0 0 0 0 0 0 0 0 
0 1 1 0 0 0 1 1 0 1 0 1 0 1 1 1 0 0 0 0 
0 1 1 0 0 0 1 1 0 0 1 0 0 1 1 1 0 1 1 1 
0 1 0 0 0 0 0 0 0 0 0 0 0 0 0 0 0 0 0 0 
0 1 1 0 0 0 1 1 0 0 1 1 0 0 1 0 0 0 0 0 
0 0 1 0 0 0 1 1 0 0 1 1 0 1 0 0 0 1 0 0 
0 0 1 0 0 0 1 1 0 0 1 1 0 0 0 0 0 0 0 0 
0 0 0 0 0 0 1 0 0 0 0 0 0 0 0 0 0 0 0 0 
0 0 0 0 0 0 1 1 0 0 0 1 0 0 1 0 0 0 1 0 
0 0 0 0 0 0 1 1 0 0 0 1 0 0 0 0 0 1 0 1 
0 0 0 0 0 0 1 0 0 0 0 1 0 0 0 0 0 0 1 0 
No.7It's not a hypereuler graph(All conditions are not met):
0 1 1 1 1 1 1 1 0 0 0 0 0 0 0 0 0 0 0 0 
1 0 1 1 0 1 1 1 1 1 1 0 0 0 0 0 0 0 0 0 
1 1 0 1 0 1 1 0 0 0 0 0 0 0 0 0 0 0 0 0 
1 1 1 0 0 0 1 1 1 1 0 0 0 0 0 0 0 0 0 0 
1 0 0 0 0 0 0 0 0 0 0 0 0 0 0 0 0 0 0 0 
1 1 1 0 0 0 0 0 0 0 0 0 0 0 0 0 0 0 0 0 
1 1 1 1 0 0 0 1 1 1 0 0 0 0 0 0 0 0 0 0 
1 1 0 1 0 0 1 0 1 0 0 0 0 0 0 0 0 0 0 0 
0 1 0 1 0 0 1 1 0 1 1 1 1 1 1 1 0 0 0 0 
0 1 0 1 0 0 1 0 1 0 1 0 0 0 0 0 0 0 0 0 
0 1 0 0 0 0 0 0 1 1 0 1 1 1 1 0 0 0 0 0 
0 0 0 0 0 0 0 0 1 0 1 0 1 1 1 1 1 1 1 0 
0 0 0 0 0 0 0 0 1 0 1 1 0 0 1 1 1 1 1 1 
0 0 0 0 0 0 0 0 1 0 1 1 0 0 0 0 0 0 0 0 
0 0 0 0 0 0 0 0 1 0 1 1 1 0 0 0 1 0 0 0 
0 0 0 0 0 0 0 0 1 0 0 1 1 0 0 0 0 0 0 0 
0 0 0 0 0 0 0 0 0 0 0 1 1 0 1 0 0 1 1 0 
0 0 0 0 0 0 0 0 0 0 0 1 1 0 0 0 1 0 1 1 
0 0 0 0 0 0 0 0 0 0 0 1 1 0 0 0 1 1 0 1 
0 0 0 0 0 0 0 0 0 0 0 0 1 0 0 0 0 1 1 0 
No.8It's not a hypereuler graph(All conditions are not met):
0 1 0 0 0 0 0 0 0 0 0 0 0 0 0 0 0 0 0 0 
1 0 1 1 1 1 1 1 1 1 1 1 0 0 0 0 0 0 0 0 
0 1 0 1 0 1 1 1 1 1 0 0 0 0 0 0 0 0 0 0 
0 1 1 0 0 1 1 1 0 0 0 0 0 0 0 0 0 0 0 0 
0 1 0 0 0 0 0 0 0 0 0 0 0 0 0 0 0 0 0 0 
0 1 1 1 0 0 1 1 1 1 1 1 1 1 0 0 0 0 0 0 
0 1 1 1 0 1 0 1 1 1 0 0 0 0 0 0 0 0 0 0 
0 1 1 1 0 1 1 0 1 1 1 1 1 1 1 1 0 0 0 0 
0 1 1 0 0 1 1 1 0 0 0 0 0 0 0 0 0 0 0 0 
0 1 1 0 0 1 1 1 0 0 1 1 1 1 1 1 0 0 0 0 
0 1 0 0 0 1 0 1 0 1 0 1 1 0 1 0 0 0 0 0 
0 1 0 0 0 1 0 1 0 1 1 0 1 0 1 1 1 0 0 0 
0 0 0 0 0 1 0 1 0 1 1 1 0 0 1 1 1 1 1 1 
0 0 0 0 0 1 0 1 0 1 0 0 0 0 0 0 0 0 0 0 
0 0 0 0 0 0 0 1 0 1 1 1 1 0 0 1 1 1 0 1 
0 0 0 0 0 0 0 1 0 1 0 1 1 0 1 0 0 0 0 0 
0 0 0 0 0 0 0 0 0 0 0 1 1 0 1 0 0 0 0 0 
0 0 0 0 0 0 0 0 0 0 0 0 1 0 1 0 0 0 0 1 
0 0 0 0 0 0 0 0 0 0 0 0 1 0 0 0 0 0 0 0 
0 0 0 0 0 0 0 0 0 0 0 0 1 0 1 0 0 1 0 0 
No.9It's not a hypereuler graph(All conditions are not met):
0 1 0 0 0 0 0 0 0 0 0 0 0 0 0 0 0 0 0 0 
1 0 1 1 1 1 0 0 0 0 0 0 0 0 0 0 0 0 0 0 
0 1 0 1 0 1 1 1 1 1 1 1 1 1 1 1 0 0 0 0 
0 1 1 0 0 1 0 0 0 0 0 0 0 0 0 0 0 0 0 0 
0 1 0 0 0 0 0 0 0 0 0 0 0 0 0 0 0 0 0 0 
0 1 1 1 0 0 0 0 0 0 0 0 0 0 0 0 0 0 0 0 
0 0 1 0 0 0 0 1 1 1 1 1 1 1 1 1 1 1 1 0 
0 0 1 0 0 0 1 0 1 1 1 1 1 0 0 0 0 0 0 0 
0 0 1 0 0 0 1 1 0 1 1 1 1 1 1 1 0 1 1 1 
0 0 1 0 0 0 1 1 1 0 1 1 1 1 1 1 0 1 1 1 
0 0 1 0 0 0 1 1 1 1 0 1 1 1 1 0 0 0 0 0 
0 0 1 0 0 0 1 1 1 1 1 0 1 1 1 1 0 0 0 1 
0 0 1 0 0 0 1 1 1 1 1 1 0 1 1 0 0 0 0 0 
0 0 1 0 0 0 1 0 1 1 1 1 1 0 0 0 0 0 0 0 
0 0 1 0 0 0 1 0 1 1 1 1 1 0 0 1 0 0 0 1 
0 0 1 0 0 0 1 0 1 1 0 1 0 0 1 0 0 0 0 1 
0 0 0 0 0 0 1 0 0 0 0 0 0 0 0 0 0 0 0 0 
0 0 0 0 0 0 1 0 1 1 0 0 0 0 0 0 0 0 0 0 
0 0 0 0 0 0 1 0 1 1 0 0 0 0 0 0 0 0 0 0 
0 0 0 0 0 0 0 0 1 1 0 1 0 0 1 1 0 0 0 0 
No.10It's not a hypereuler graph(All conditions are not met):
0 1 1 1 1 1 1 1 1 1 1 1 1 1 0 0 0 0 0 0 
1 0 1 1 0 0 0 0 0 0 0 0 0 0 0 0 0 0 0 0 
1 1 0 1 0 0 0 0 0 0 0 0 0 0 0 0 0 0 0 0 
1 1 1 0 0 0 0 0 0 0 0 0 0 0 0 0 0 0 0 0 
1 0 0 0 0 1 1 1 1 1 1 1 0 1 1 1 0 0 0 0 
1 0 0 0 1 0 1 0 0 0 0 0 0 0 0 0 0 0 0 0 
1 0 0 0 1 1 0 1 1 1 1 1 0 1 0 0 0 0 0 0 
1 0 0 0 1 0 1 0 0 1 1 1 0 1 1 1 1 1 0 0 
1 0 0 0 1 0 1 0 0 0 0 0 0 0 0 0 0 0 0 0 
1 0 0 0 1 0 1 1 0 0 1 1 0 1 1 1 0 0 0 0 
1 0 0 0 1 0 1 1 0 1 0 1 0 1 1 1 1 1 1 1 
1 0 0 0 1 0 1 1 0 1 1 0 0 1 0 0 0 0 0 0 
1 0 0 0 0 0 0 0 0 0 0 0 0 0 0 0 0 0 0 0 
1 0 0 0 1 0 1 1 0 1 1 1 0 0 1 1 1 1 0 0 
0 0 0 0 1 0 0 1 0 1 1 0 0 1 0 0 1 1 1 1 
0 0 0 0 1 0 0 1 0 1 1 0 0 1 0 0 0 0 0 0 
0 0 0 0 0 0 0 1 0 0 1 0 0 1 1 0 0 1 1 1 
0 0 0 0 0 0 0 1 0 0 1 0 0 1 1 0 1 0 1 1 
0 0 0 0 0 0 0 0 0 0 1 0 0 0 1 0 1 1 0 1 
0 0 0 0 0 0 0 0 0 0 1 0 0 0 1 0 1 1 1 0 
No.11It's not a hypereuler graph(All conditions are not met):
0 1 1 1 1 1 1 1 1 1 1 1 1 1 0 0 0 0 0 0 
1 0 1 1 0 0 0 0 0 0 0 0 0 0 0 0 0 0 0 0 
1 1 0 1 1 1 0 0 0 0 0 0 0 0 0 0 0 0 0 0 
1 1 1 0 1 1 1 1 1 1 0 0 0 0 0 0 0 0 0 0 
1 0 1 1 0 1 1 1 1 1 1 0 0 0 0 0 0 0 0 0 
1 0 1 1 1 0 0 1 1 1 1 1 1 1 1 1 0 0 0 0 
1 0 0 1 1 0 0 0 0 0 0 0 0 0 0 0 0 0 0 0 
1 0 0 1 1 1 0 0 1 1 0 1 1 1 0 0 0 0 0 0 
1 0 0 1 1 1 0 1 0 1 0 1 1 1 1 1 0 0 0 0 
1 0 0 1 1 1 0 1 1 0 0 1 1 1 1 1 0 0 0 0 
1 0 0 0 1 1 0 0 0 0 0 0 0 0 0 0 0 0 0 0 
1 0 0 0 0 1 0 1 1 1 0 0 1 1 1 1 0 0 0 0 
1 0 0 0 0 1 0 1 1 1 0 1 0 1 1 1 1 1 0 0 
1 0 0 0 0 1 0 1 1 1 0 1 1 0 1 1 1 1 0 0 
0 0 0 0 0 1 0 0 1 1 0 1 1 1 0 1 0 0 0 0 
0 0 0 0 0 1 0 0 1 1 0 1 1 1 1 0 0 0 0 0 
0 0 0 0 0 0 0 0 0 0 0 0 1 1 0 0 0 1 0 0 
0 0 0 0 0 0 0 0 0 0 0 0 1 1 0 0 1 0 1 1 
0 0 0 0 0 0 0 0 0 0 0 0 0 0 0 0 0 1 0 0 
0 0 0 0 0 0 0 0 0 0 0 0 0 0 0 0 0 1 0 0 
No.12It's not a hypereuler graph(All conditions are not met):
0 1 1 1 0 0 0 0 0 0 0 0 0 0 0 0 0 0 0 0 
1 0 1 0 1 1 1 1 1 1 1 1 1 0 0 0 0 0 0 0 
1 1 0 0 1 1 1 1 1 1 0 1 0 0 0 0 0 0 0 0 
1 0 0 0 0 0 0 0 0 0 0 0 0 0 0 0 0 0 0 0 
0 1 1 0 0 1 1 1 1 1 0 1 1 0 0 0 0 0 0 0 
0 1 1 0 1 0 0 1 1 1 0 1 1 1 1 1 0 0 0 0 
0 1 1 0 1 0 0 0 0 0 0 0 0 0 0 0 0 0 0 0 
0 1 1 0 1 1 0 0 1 0 0 0 0 0 0 0 0 0 0 0 
0 1 1 0 1 1 0 1 0 1 0 1 1 1 1 1 0 0 0 0 
0 1 1 0 1 1 0 0 1 0 0 1 1 1 1 1 1 1 1 0 
0 1 0 0 0 0 0 0 0 0 0 0 0 0 0 0 0 0 0 0 
0 1 1 0 1 1 0 0 1 1 0 0 1 0 0 0 0 0 0 0 
0 1 0 0 1 1 0 0 1 1 0 1 0 1 1 0 1 0 0 0 
0 0 0 0 0 1 0 0 1 1 0 0 1 0 1 0 0 0 0 0 
0 0 0 0 0 1 0 0 1 1 0 0 1 1 0 0 1 1 0 0 
0 0 0 0 0 1 0 0 1 1 0 0 0 0 0 0 0 0 0 0 
0 0 0 0 0 0 0 0 0 1 0 0 1 0 1 0 0 1 1 0 
0 0 0 0 0 0 0 0 0 1 0 0 0 0 1 0 1 0 1 1 
0 0 0 0 0 0 0 0 0 1 0 0 0 0 0 0 1 1 0 0 
0 0 0 0 0 0 0 0 0 0 0 0 0 0 0 0 0 1 0 0 
No.13It's not a hypereuler graph(All conditions are not met):
0 1 1 1 0 0 0 0 0 0 0 0 0 0 0 0 0 0 0 0 
1 0 1 1 1 1 1 1 1 1 1 1 0 0 0 0 0 0 0 0 
1 1 0 1 1 1 1 0 1 1 1 0 0 0 0 0 0 0 0 0 
1 1 1 0 1 1 1 0 1 1 1 1 1 0 0 0 0 0 0 0 
0 1 1 1 0 0 0 0 0 0 0 0 0 0 0 0 0 0 0 0 
0 1 1 1 0 0 0 0 0 0 0 0 0 0 0 0 0 0 0 0 
0 1 1 1 0 0 0 0 1 1 1 1 0 0 0 0 0 0 0 0 
0 1 0 0 0 0 0 0 0 0 0 0 0 0 0 0 0 0 0 0 
0 1 1 1 0 0 1 0 0 1 1 1 1 1 0 0 0 0 0 0 
0 1 1 1 0 0 1 0 1 0 1 1 1 1 1 1 0 0 0 0 
0 1 1 1 0 0 1 0 1 1 0 1 1 1 1 1 0 0 0 0 
0 1 0 1 0 0 1 0 1 1 1 0 1 0 1 1 1 1 1 1 
0 0 0 1 0 0 0 0 1 1 1 1 0 0 1 1 1 1 1 1 
0 0 0 0 0 0 0 0 1 1 1 0 0 0 0 0 0 0 0 0 
0 0 0 0 0 0 0 0 0 1 1 1 1 0 0 1 1 1 0 0 
0 0 0 0 0 0 0 0 0 1 1 1 1 0 1 0 1 0 1 0 
0 0 0 0 0 0 0 0 0 0 0 1 1 0 1 1 0 0 1 0 
0 0 0 0 0 0 0 0 0 0 0 1 1 0 1 0 0 0 0 0 
0 0 0 0 0 0 0 0 0 0 0 1 1 0 0 1 1 0 0 1 
0 0 0 0 0 0 0 0 0 0 0 1 1 0 0 0 0 0 1 0 
No.14It's not a hypereuler graph(All conditions are not met):
0 1 1 1 1 1 1 1 1 1 1 1 1 1 0 0 0 0 0 0 
1 0 1 1 1 1 1 0 1 0 0 0 0 0 0 0 0 0 0 0 
1 1 0 1 1 1 1 0 1 1 1 1 0 1 0 0 0 0 0 0 
1 1 1 0 1 1 1 0 1 1 1 0 0 0 0 0 0 0 0 0 
1 1 1 1 0 1 1 0 1 0 0 0 0 0 0 0 0 0 0 0 
1 1 1 1 1 0 1 0 1 1 1 1 0 1 1 1 0 0 0 0 
1 1 1 1 1 1 0 0 1 0 0 0 0 0 0 0 0 0 0 0 
1 0 0 0 0 0 0 0 0 0 0 0 0 0 0 0 0 0 0 0 
1 1 1 1 1 1 1 0 0 1 1 1 0 1 0 0 0 0 0 0 
1 0 1 1 0 1 0 0 1 0 1 1 0 1 1 0 0 0 0 0 
1 0 1 1 0 1 0 0 1 1 0 1 0 0 0 0 0 0 0 0 
1 0 1 0 0 1 0 0 1 1 1 0 0 1 1 1 0 0 0 0 
1 0 0 0 0 0 0 0 0 0 0 0 0 0 0 0 0 0 0 0 
1 0 1 0 0 1 0 0 1 1 0 1 0 0 1 1 1 0 0 0 
0 0 0 0 0 1 0 0 0 1 0 1 0 1 0 1 0 0 0 0 
0 0 0 0 0 1 0 0 0 0 0 1 0 1 1 0 1 0 0 0 
0 0 0 0 0 0 0 0 0 0 0 0 0 1 0 1 0 1 1 1 
0 0 0 0 0 0 0 0 0 0 0 0 0 0 0 0 1 0 1 1 
0 0 0 0 0 0 0 0 0 0 0 0 0 0 0 0 1 1 0 1 
0 0 0 0 0 0 0 0 0 0 0 0 0 0 0 0 1 1 1 0 
No.15It's not a hypereuler graph(All conditions are not met):
0 1 1 1 1 1 1 1 1 1 1 1 1 1 0 0 0 0 0 0 
1 0 1 0 1 1 1 1 0 1 1 1 1 1 1 1 0 0 0 0 
1 1 0 0 1 1 1 1 0 1 1 1 0 0 0 0 0 0 0 0 
1 0 0 0 0 0 0 0 0 0 0 0 0 0 0 0 0 0 0 0 
1 1 1 0 0 1 1 0 0 0 0 0 0 0 0 0 0 0 0 0 
1 1 1 0 1 0 1 1 0 1 0 0 0 0 0 0 0 0 0 0 
1 1 1 0 1 1 0 1 0 1 1 1 1 1 1 1 0 0 0 0 
1 1 1 0 0 1 1 0 0 1 1 1 1 0 1 1 1 1 0 0 
1 0 0 0 0 0 0 0 0 0 0 0 0 0 0 0 0 0 0 0 
1 1 1 0 0 1 1 1 0 0 1 0 0 0 0 0 0 0 0 0 
1 1 1 0 0 0 1 1 0 1 0 1 1 0 1 1 1 1 1 0 
1 1 1 0 0 0 1 1 0 0 1 0 1 0 1 1 0 0 0 0 
1 1 0 0 0 0 1 1 0 0 1 1 0 0 1 0 0 0 0 0 
1 1 0 0 0 0 1 0 0 0 0 0 0 0 0 0 0 0 0 0 
0 1 0 0 0 0 1 1 0 0 1 1 1 0 0 0 1 1 0 1 
0 1 0 0 0 0 1 1 0 0 1 1 0 0 0 0 0 0 0 0 
0 0 0 0 0 0 0 1 0 0 1 0 0 0 1 0 0 1 0 1 
0 0 0 0 0 0 0 1 0 0 1 0 0 0 1 0 1 0 0 1 
0 0 0 0 0 0 0 0 0 0 1 0 0 0 0 0 0 0 0 0 
0 0 0 0 0 0 0 0 0 0 0 0 0 0 1 0 1 1 0 0 
No.16It's not a hypereuler graph(All conditions are not met):
0 1 1 1 1 1 1 1 1 1 0 0 0 0 0 0 0 0 0 0 
1 0 1 1 1 1 0 0 0 0 0 0 0 0 0 0 0 0 0 0 
1 1 0 1 1 1 1 1 0 0 0 0 0 0 0 0 0 0 0 0 
1 1 1 0 1 0 1 1 1 1 1 0 0 0 0 0 0 0 0 0 
1 1 1 1 0 0 1 1 1 0 0 0 0 0 0 0 0 0 0 0 
1 1 1 0 0 0 0 0 0 0 0 0 0 0 0 0 0 0 0 0 
1 0 1 1 1 0 0 1 1 1 1 1 0 0 0 0 0 0 0 0 
1 0 1 1 1 0 1 0 1 1 1 1 1 1 1 1 0 0 0 0 
1 0 0 1 1 0 1 1 0 1 1 1 1 0 1 1 1 1 0 0 
1 0 0 1 0 0 1 1 1 0 1 1 1 0 1 1 0 1 0 0 
0 0 0 1 0 0 1 1 1 1 0 1 1 0 1 1 0 1 1 0 
0 0 0 0 0 0 1 1 1 1 1 0 0 0 0 0 0 0 0 0 
0 0 0 0 0 0 0 1 1 1 1 0 0 0 1 1 0 1 1 1 
0 0 0 0 0 0 0 1 0 0 0 0 0 0 0 0 0 0 0 0 
0 0 0 0 0 0 0 1 1 1 1 0 1 0 0 1 0 1 1 1 
0 0 0 0 0 0 0 1 1 1 1 0 1 0 1 0 0 0 1 0 
0 0 0 0 0 0 0 0 1 0 0 0 0 0 0 0 0 0 0 0 
0 0 0 0 0 0 0 0 1 1 1 0 1 0 1 0 0 0 0 0 
0 0 0 0 0 0 0 0 0 0 1 0 1 0 1 1 0 0 0 1 
0 0 0 0 0 0 0 0 0 0 0 0 1 0 1 0 0 0 1 0 
No.17It's not a hypereuler graph(All conditions are not met):
0 1 1 1 0 0 0 0 0 0 0 0 0 0 0 0 0 0 0 0 
1 0 0 0 0 0 0 0 0 0 0 0 0 0 0 0 0 0 0 0 
1 0 0 1 1 1 1 1 1 1 1 1 1 1 1 0 0 0 0 0 
1 0 1 0 1 1 1 1 1 1 1 1 1 1 0 1 0 0 0 0 
0 0 1 1 0 1 1 1 0 0 0 0 0 0 0 0 0 0 0 0 
0 0 1 1 1 0 1 1 0 0 0 0 0 0 0 0 0 0 0 0 
0 0 1 1 1 1 0 1 0 0 0 0 0 0 0 0 0 0 0 0 
0 0 1 1 1 1 1 0 1 1 0 0 0 0 0 0 0 0 0 0 
0 0 1 1 0 0 0 1 0 1 1 0 0 0 0 0 0 0 0 0 
0 0 1 1 0 0 0 1 1 0 1 1 1 1 0 1 1 1 1 1 
0 0 1 1 0 0 0 0 1 1 0 1 0 0 0 0 0 0 0 0 
0 0 1 1 0 0 0 0 0 1 1 0 1 0 0 1 1 0 0 0 
0 0 1 1 0 0 0 0 0 1 0 1 0 0 0 1 1 1 1 1 
0 0 1 1 0 0 0 0 0 1 0 0 0 0 0 0 0 0 0 0 
0 0 1 0 0 0 0 0 0 0 0 0 0 0 0 0 0 0 0 0 
0 0 0 1 0 0 0 0 0 1 0 1 1 0 0 0 1 0 0 0 
0 0 0 0 0 0 0 0 0 1 0 1 1 0 0 1 0 1 1 1 
0 0 0 0 0 0 0 0 0 1 0 0 1 0 0 0 1 0 0 0 
0 0 0 0 0 0 0 0 0 1 0 0 1 0 0 0 1 0 0 0 
0 0 0 0 0 0 0 0 0 1 0 0 1 0 0 0 1 0 0 0 
No.18It's not a hypereuler graph(All conditions are not met):
0 1 1 1 1 1 1 1 1 1 1 1 1 1 0 0 0 0 0 0 
1 0 1 1 1 1 0 0 0 0 0 0 0 0 0 0 0 0 0 0 
1 1 0 1 1 1 1 1 0 0 0 0 0 0 0 0 0 0 0 0 
1 1 1 0 0 0 0 0 0 0 0 0 0 0 0 0 0 0 0 0 
1 1 1 0 0 1 1 1 1 1 1 1 1 1 1 0 0 0 0 0 
1 1 1 0 1 0 1 1 1 1 1 1 1 0 0 0 0 0 0 0 
1 0 1 0 1 1 0 1 1 1 1 1 0 0 0 0 0 0 0 0 
1 0 1 0 1 1 1 0 0 0 0 0 0 0 0 0 0 0 0 0 
1 0 0 0 1 1 1 0 0 1 1 1 1 1 1 1 0 0 0 0 
1 0 0 0 1 1 1 0 1 0 1 1 1 1 1 0 1 1 1 0 
1 0 0 0 1 1 1 0 1 1 0 1 1 1 1 0 1 0 1 1 
1 0 0 0 1 1 1 0 1 1 1 0 1 0 1 0 0 0 0 0 
1 0 0 0 1 1 0 0 1 1 1 1 0 0 1 0 1 0 1 1 
1 0 0 0 1 0 0 0 1 1 1 0 0 0 0 0 0 0 0 0 
0 0 0 0 1 0 0 0 1 1 1 1 1 0 0 0 1 0 0 0 
0 0 0 0 0 0 0 0 1 0 0 0 0 0 0 0 0 0 0 0 
0 0 0 0 0 0 0 0 0 1 1 0 1 0 1 0 0 0 1 0 
0 0 0 0 0 0 0 0 0 1 0 0 0 0 0 0 0 0 0 0 
0 0 0 0 0 0 0 0 0 1 1 0 1 0 0 0 1 0 0 1 
0 0 0 0 0 0 0 0 0 0 1 0 1 0 0 0 0 0 1 0 
No.19It's not a hypereuler graph(All conditions are not met):
0 1 1 1 1 1 1 1 1 1 1 1 1 1 0 0 0 0 0 0 
1 0 0 1 1 1 1 1 1 1 1 0 1 1 1 1 0 0 0 0 
1 0 0 0 0 0 0 0 0 0 0 0 0 0 0 0 0 0 0 0 
1 1 0 0 1 1 1 1 1 1 1 0 1 1 1 1 0 0 0 0 
1 1 0 1 0 1 1 1 1 1 1 0 1 1 1 1 0 0 0 0 
1 1 0 1 1 0 1 0 0 0 0 0 0 0 0 0 0 0 0 0 
1 1 0 1 1 1 0 1 1 1 1 0 1 1 1 1 0 0 0 0 
1 1 0 1 1 0 1 0 0 1 1 0 1 1 1 1 0 0 0 0 
1 1 0 1 1 0 1 0 0 0 0 0 0 0 0 0 0 0 0 0 
1 1 0 1 1 0 1 1 0 0 1 0 1 1 0 1 1 0 0 0 
1 1 0 1 1 0 1 1 0 1 0 0 1 1 0 1 1 1 1 0 
1 0 0 0 0 0 0 0 0 0 0 0 0 0 0 0 0 0 0 0 
1 1 0 1 1 0 1 1 0 1 1 0 0 1 0 1 1 1 1 0 
1 1 0 1 1 0 1 1 0 1 1 0 1 0 0 1 1 0 0 0 
0 1 0 1 1 0 1 1 0 0 0 0 0 0 0 0 0 0 0 0 
0 1 0 1 1 0 1 1 0 1 1 0 1 1 0 0 1 1 0 0 
0 0 0 0 0 0 0 0 0 1 1 0 1 1 0 1 0 0 1 1 
0 0 0 0 0 0 0 0 0 0 1 0 1 0 0 1 0 0 0 0 
0 0 0 0 0 0 0 0 0 0 1 0 1 0 0 0 1 0 0 0 
0 0 0 0 0 0 0 0 0 0 0 0 0 0 0 0 1 0 0 0 
No.20It's not a hypereuler graph(All conditions are not met):
0 1 1 1 1 1 1 1 1 1 1 1 1 1 0 0 0 0 0 0 
1 0 1 1 1 1 1 1 1 1 0 0 0 0 0 0 0 0 0 0 
1 1 0 1 0 0 0 0 0 0 0 0 0 0 0 0 0 0 0 0 
1 1 1 0 1 1 1 1 1 1 0 0 0 0 0 0 0 0 0 0 
1 1 0 1 0 1 1 1 1 0 0 0 0 0 0 0 0 0 0 0 
1 1 0 1 1 0 1 1 1 0 1 1 1 0 1 0 0 0 0 0 
1 1 0 1 1 1 0 1 1 0 0 0 0 0 0 0 0 0 0 0 
1 1 0 1 1 1 1 0 1 0 1 1 0 0 0 0 0 0 0 0 
1 1 0 1 1 1 1 1 0 0 1 1 1 0 1 1 1 0 0 0 
1 1 0 1 0 0 0 0 0 0 0 0 0 0 0 0 0 0 0 0 
1 0 0 0 0 1 0 1 1 0 0 1 1 0 1 1 1 0 0 0 
1 0 0 0 0 1 0 1 1 0 1 0 1 0 1 1 1 1 1 0 
1 0 0 0 0 1 0 0 1 0 1 1 0 0 1 1 0 0 0 0 
1 0 0 0 0 0 0 0 0 0 0 0 0 0 0 0 0 0 0 0 
0 0 0 0 0 1 0 0 1 0 1 1 1 0 0 0 0 0 0 0 
0 0 0 0 0 0 0 0 1 0 1 1 1 0 0 0 1 1 1 0 
0 0 0 0 0 0 0 0 1 0 1 1 0 0 0 1 0 1 1 1 
0 0 0 0 0 0 0 0 0 0 0 1 0 0 0 1 1 0 0 0 
0 0 0 0 0 0 0 0 0 0 0 1 0 0 0 1 1 0 0 0 
0 0 0 0 0 0 0 0 0 0 0 0 0 0 0 0 1 0 0 0 
No.21It's not a hypereuler graph(All conditions are not met):
0 1 1 1 1 1 1 1 0 0 0 0 0 0 0 0 0 0 0 0 
1 0 1 0 1 1 1 1 1 1 1 0 0 0 0 0 0 0 0 0 
1 1 0 0 1 1 1 1 1 1 1 1 1 1 1 0 0 0 0 0 
1 0 0 0 0 0 0 0 0 0 0 0 0 0 0 0 0 0 0 0 
1 1 1 0 0 1 1 1 1 1 1 0 1 0 1 0 0 0 0 0 
1 1 1 0 1 0 1 0 0 0 0 0 0 0 0 0 0 0 0 0 
1 1 1 0 1 1 0 1 0 1 0 0 1 0 1 1 1 1 1 0 
1 1 1 0 1 0 1 0 0 1 0 0 1 0 0 0 0 0 0 0 
0 1 1 0 1 0 0 0 0 0 0 0 0 0 0 0 0 0 0 0 
0 1 1 0 1 0 1 1 0 0 0 0 1 0 0 1 0 0 0 0 
0 1 1 0 1 0 0 0 0 0 0 0 0 0 0 0 0 0 0 0 
0 0 1 0 0 0 0 0 0 0 0 0 0 0 0 0 0 0 0 0 
0 0 1 0 1 0 1 1 0 1 0 0 0 0 0 1 0 0 1 0 
0 0 1 0 0 0 0 0 0 0 0 0 0 0 0 0 0 0 0 0 
0 0 1 0 1 0 1 0 0 0 0 0 0 0 0 0 0 0 0 0 
0 0 0 0 0 0 1 0 0 1 0 0 1 0 0 0 0 0 1 1 
0 0 0 0 0 0 1 0 0 0 0 0 0 0 0 0 0 0 0 0 
0 0 0 0 0 0 1 0 0 0 0 0 0 0 0 0 0 0 0 0 
0 0 0 0 0 0 1 0 0 0 0 0 1 0 0 1 0 0 0 0 
0 0 0 0 0 0 0 0 0 0 0 0 0 0 0 1 0 0 0 0 
No.22It's not a hypereuler graph(All conditions are not met):
0 1 1 1 0 0 0 0 0 0 0 0 0 0 0 0 0 0 0 0 
1 0 1 1 1 1 1 1 1 1 1 1 0 0 0 0 0 0 0 0 
1 1 0 1 1 0 1 1 1 1 1 0 0 0 0 0 0 0 0 0 
1 1 1 0 1 0 1 1 1 1 1 1 1 0 0 0 0 0 0 0 
0 1 1 1 0 0 0 0 0 0 0 0 0 0 0 0 0 0 0 0 
0 1 0 0 0 0 0 0 0 0 0 0 0 0 0 0 0 0 0 0 
0 1 1 1 0 0 0 1 1 0 1 1 1 1 0 0 0 0 0 0 
0 1 1 1 0 0 1 0 1 0 0 0 0 0 0 0 0 0 0 0 
0 1 1 1 0 0 1 1 0 0 1 1 1 0 1 1 1 0 0 0 
0 1 1 1 0 0 0 0 0 0 0 0 0 0 0 0 0 0 0 0 
0 1 1 1 0 0 1 0 1 0 0 1 1 0 0 0 0 0 0 0 
0 1 0 1 0 0 1 0 1 0 1 0 0 0 0 0 0 0 0 0 
0 0 0 1 0 0 1 0 1 0 1 0 0 0 1 1 1 1 1 0 
0 0 0 0 0 0 1 0 0 0 0 0 0 0 0 0 0 0 0 0 
0 0 0 0 0 0 0 0 1 0 0 0 1 0 0 1 1 1 0 0 
0 0 0 0 0 0 0 0 1 0 0 0 1 0 1 0 0 0 0 0 
0 0 0 0 0 0 0 0 1 0 0 0 1 0 1 0 0 0 0 0 
0 0 0 0 0 0 0 0 0 0 0 0 1 0 1 0 0 0 0 1 
0 0 0 0 0 0 0 0 0 0 0 0 1 0 0 0 0 0 0 0 
0 0 0 0 0 0 0 0 0 0 0 0 0 0 0 0 0 1 0 0 
No.23It's not a hypereuler graph(All conditions are not met):
0 1 1 1 1 1 1 1 0 0 0 0 0 0 0 0 0 0 0 0 
1 0 1 1 1 1 0 1 1 1 1 1 1 0 0 0 0 0 0 0 
1 1 0 1 1 1 0 1 0 1 1 1 0 1 1 0 0 0 0 0 
1 1 1 0 1 0 0 1 0 1 1 1 0 1 0 0 0 0 0 0 
1 1 1 1 0 0 0 1 0 1 1 1 0 1 1 1 1 1 0 0 
1 1 1 0 0 0 0 0 0 0 0 0 0 0 0 0 0 0 0 0 
1 0 0 0 0 0 0 0 0 0 0 0 0 0 0 0 0 0 0 0 
1 1 1 1 1 0 0 0 0 0 0 0 0 0 0 0 0 0 0 0 
0 1 0 0 0 0 0 0 0 0 0 0 0 0 0 0 0 0 0 0 
0 1 1 1 1 0 0 0 0 0 1 1 0 1 1 1 1 1 0 0 
0 1 1 1 1 0 0 0 0 1 0 1 0 1 1 1 1 1 1 1 
0 1 1 1 1 0 0 0 0 1 1 0 0 1 1 1 0 0 0 0 
0 1 0 0 0 0 0 0 0 0 0 0 0 0 0 0 0 0 0 0 
0 0 1 1 1 0 0 0 0 1 1 1 0 0 1 1 1 0 0 0 
0 0 1 0 1 0 0 0 0 1 1 1 0 1 0 1 1 1 1 1 
0 0 0 0 1 0 0 0 0 1 1 1 0 1 1 0 1 0 0 0 
0 0 0 0 1 0 0 0 0 1 1 0 0 1 1 1 0 1 0 0 
0 0 0 0 1 0 0 0 0 1 1 0 0 0 1 0 1 0 0 0 
0 0 0 0 0 0 0 0 0 0 1 0 0 0 1 0 0 0 0 1 
0 0 0 0 0 0 0 0 0 0 1 0 0 0 1 0 0 0 1 0 
No.24It's not a hypereuler graph(All conditions are not met):
0 1 1 1 1 1 1 1 1 1 1 1 0 0 0 0 0 0 0 0 
1 0 1 1 1 1 1 1 1 1 1 0 1 1 1 0 0 0 0 0 
1 1 0 1 1 1 0 0 0 0 0 0 0 0 0 0 0 0 0 0 
1 1 1 0 1 1 1 1 0 0 0 0 0 0 0 0 0 0 0 0 
1 1 1 1 0 1 0 0 0 0 0 0 0 0 0 0 0 0 0 0 
1 1 1 1 1 0 1 1 1 1 1 0 1 0 0 0 0 0 0 0 
1 1 0 1 0 1 0 1 1 1 1 0 1 0 1 1 0 0 0 0 
1 1 0 1 0 1 1 0 1 1 1 0 1 0 0 0 0 0 0 0 
1 1 0 0 0 1 1 1 0 0 1 0 1 0 1 0 1 1 1 0 
1 1 0 0 0 1 1 1 0 0 0 0 0 0 0 0 0 0 0 0 
1 1 0 0 0 1 1 1 1 0 0 0 1 0 1 0 1 1 1 0 
1 0 0 0 0 0 0 0 0 0 0 0 0 0 0 0 0 0 0 0 
0 1 0 0 0 1 1 1 1 0 1 0 0 0 1 0 1 1 0 0 
0 1 0 0 0 0 0 0 0 0 0 0 0 0 0 0 0 0 0 0 
0 1 0 0 0 0 1 0 1 0 1 0 1 0 0 0 1 1 0 0 
0 0 0 0 0 0 1 0 0 0 0 0 0 0 0 0 0 0 0 0 
0 0 0 0 0 0 0 0 1 0 1 0 1 0 1 0 0 1 1 1 
0 0 0 0 0 0 0 0 1 0 1 0 1 0 1 0 1 0 0 0 
0 0 0 0 0 0 0 0 1 0 1 0 0 0 0 0 1 0 0 0 
0 0 0 0 0 0 0 0 0 0 0 0 0 0 0 0 1 0 0 0 
No.25It's not a hypereuler graph(All conditions are not met):
0 1 1 1 0 0 0 0 0 0 0 0 0 0 0 0 0 0 0 0 
1 0 1 0 1 0 0 0 0 0 0 0 0 0 0 0 0 0 0 0 
1 1 0 0 1 0 0 0 0 0 0 0 0 0 0 0 0 0 0 0 
1 0 0 0 0 0 0 0 0 0 0 0 0 0 0 0 0 0 0 0 
0 1 1 0 0 1 1 1 1 1 0 0 0 0 0 0 0 0 0 0 
0 0 0 0 1 0 1 1 1 1 1 1 1 1 0 0 0 0 0 0 
0 0 0 0 1 1 0 1 1 1 1 1 1 1 0 0 0 0 0 0 
0 0 0 0 1 1 1 0 0 0 0 0 0 0 0 0 0 0 0 0 
0 0 0 0 1 1 1 0 0 1 1 1 1 1 1 1 1 0 0 0 
0 0 0 0 1 1 1 0 1 0 1 1 1 0 0 0 0 0 0 0 
0 0 0 0 0 1 1 0 1 1 0 1 1 1 1 1 1 1 1 1 
0 0 0 0 0 1 1 0 1 1 1 0 1 1 1 1 1 1 0 0 
0 0 0 0 0 1 1 0 1 1 1 1 0 1 1 0 1 0 0 0 
0 0 0 0 0 1 1 0 1 0 1 1 1 0 1 0 0 0 0 0 
0 0 0 0 0 0 0 0 1 0 1 1 1 1 0 0 1 1 1 1 
0 0 0 0 0 0 0 0 1 0 1 1 0 0 0 0 0 0 0 0 
0 0 0 0 0 0 0 0 1 0 1 1 1 0 1 0 0 0 0 0 
0 0 0 0 0 0 0 0 0 0 1 1 0 0 1 0 0 0 0 0 
0 0 0 0 0 0 0 0 0 0 1 0 0 0 1 0 0 0 0 1 
0 0 0 0 0 0 0 0 0 0 1 0 0 0 1 0 0 0 1 0 
No.26It's not a hypereuler graph(All conditions are not met):
0 1 1 1 0 0 0 0 0 0 0 0 0 0 0 0 0 0 0 0 
1 0 1 1 1 1 1 1 1 1 1 1 0 0 0 0 0 0 0 0 
1 1 0 1 1 1 1 1 1 1 1 1 0 0 0 0 0 0 0 0 
1 1 1 0 1 1 0 0 0 0 0 0 0 0 0 0 0 0 0 0 
0 1 1 1 0 1 1 1 1 0 0 0 0 0 0 0 0 0 0 0 
0 1 1 1 1 0 1 0 0 0 0 0 0 0 0 0 0 0 0 0 
0 1 1 0 1 1 0 1 1 1 1 1 1 1 0 0 0 0 0 0 
0 1 1 0 1 0 1 0 1 1 1 1 0 1 0 0 0 0 0 0 
0 1 1 0 1 0 1 1 0 1 1 1 0 1 0 0 0 0 0 0 
0 1 1 0 0 0 1 1 1 0 1 1 0 0 1 1 1 1 0 0 
0 1 1 0 0 0 1 1 1 1 0 1 0 0 1 1 1 1 0 0 
0 1 1 0 0 0 1 1 1 1 1 0 0 0 1 1 1 1 0 0 
0 0 0 0 0 0 1 0 0 0 0 0 0 0 0 0 0 0 0 0 
0 0 0 0 0 0 1 1 1 0 0 0 0 0 0 0 0 0 0 0 
0 0 0 0 0 0 0 0 0 1 1 1 0 0 0 1 1 0 1 1 
0 0 0 0 0 0 0 0 0 1 1 1 0 0 1 0 1 0 1 1 
0 0 0 0 0 0 0 0 0 1 1 1 0 0 1 1 0 0 1 1 
0 0 0 0 0 0 0 0 0 1 1 1 0 0 0 0 0 0 0 0 
0 0 0 0 0 0 0 0 0 0 0 0 0 0 1 1 1 0 0 0 
0 0 0 0 0 0 0 0 0 0 0 0 0 0 1 1 1 0 0 0 
No.27It's not a hypereuler graph(All conditions are not met):
0 1 1 1 1 1 1 1 1 1 0 0 0 0 0 0 0 0 0 0 
1 0 1 1 1 1 1 1 1 0 1 1 1 1 1 0 0 0 0 0 
1 1 0 1 0 0 0 0 0 0 0 0 0 0 0 0 0 0 0 0 
1 1 1 0 1 1 1 1 1 0 1 1 1 0 0 0 0 0 0 0 
1 1 0 1 0 1 1 1 1 0 1 1 1 1 0 0 0 0 0 0 
1 1 0 1 1 0 1 1 1 0 0 0 1 1 1 1 1 1 0 0 
1 1 0 1 1 1 0 1 1 0 0 0 1 1 0 0 0 0 0 0 
1 1 0 1 1 1 1 0 1 0 0 0 0 1 1 1 0 1 1 1 
1 1 0 1 1 1 1 1 0 0 0 0 0 0 0 0 0 0 0 0 
1 0 0 0 0 0 0 0 0 0 0 0 0 0 0 0 0 0 0 0 
0 1 0 1 1 0 0 0 0 0 0 0 0 0 0 0 0 0 0 0 
0 1 0 1 1 0 0 0 0 0 0 0 0 0 0 0 0 0 0 0 
0 1 0 1 1 1 1 0 0 0 0 0 0 0 0 0 0 0 0 0 
0 1 0 0 1 1 1 1 0 0 0 0 0 0 1 1 0 0 0 0 
0 1 0 0 0 1 0 1 0 0 0 0 0 1 0 1 0 1 1 0 
0 0 0 0 0 1 0 1 0 0 0 0 0 1 1 0 0 1 0 0 
0 0 0 0 0 1 0 0 0 0 0 0 0 0 0 0 0 0 0 0 
0 0 0 0 0 1 0 1 0 0 0 0 0 0 1 1 0 0 1 0 
0 0 0 0 0 0 0 1 0 0 0 0 0 0 1 0 0 1 0 0 
0 0 0 0 0 0 0 1 0 0 0 0 0 0 0 0 0 0 0 0 
No.28It's not a hypereuler graph(All conditions are not met):
0 1 1 1 1 1 1 1 1 1 1 1 1 1 0 0 0 0 0 0 
1 0 1 1 1 1 1 1 1 1 0 0 0 0 0 0 0 0 0 0 
1 1 0 1 1 1 1 1 1 1 1 0 1 0 0 0 0 0 0 0 
1 1 1 0 1 1 1 0 0 1 1 0 1 0 0 0 0 0 0 0 
1 1 1 1 0 1 1 0 0 1 0 0 1 1 1 1 1 1 0 0 
1 1 1 1 1 0 1 0 0 1 0 0 0 0 0 0 0 0 0 0 
1 1 1 1 1 1 0 0 0 1 0 0 1 1 0 0 1 1 1 1 
1 1 1 0 0 0 0 0 0 0 0 0 0 0 0 0 0 0 0 0 
1 1 1 0 0 0 0 0 0 0 0 0 0 0 0 0 0 0 0 0 
1 1 1 1 1 1 1 0 0 0 0 0 1 1 0 0 1 1 1 1 
1 0 1 1 0 0 0 0 0 0 0 0 0 0 0 0 0 0 0 0 
1 0 0 0 0 0 0 0 0 0 0 0 0 0 0 0 0 0 0 0 
1 0 1 1 1 0 1 0 0 1 0 0 0 1 0 0 0 1 1 0 
1 0 0 0 1 0 1 0 0 1 0 0 1 0 0 0 0 0 0 0 
0 0 0 0 1 0 0 0 0 0 0 0 0 0 0 0 0 0 0 0 
0 0 0 0 1 0 0 0 0 0 0 0 0 0 0 0 0 0 0 0 
0 0 0 0 1 0 1 0 0 1 0 0 0 0 0 0 0 0 0 0 
0 0 0 0 1 0 1 0 0 1 0 0 1 0 0 0 0 0 1 0 
0 0 0 0 0 0 1 0 0 1 0 0 1 0 0 0 0 1 0 1 
0 0 0 0 0 0 1 0 0 1 0 0 0 0 0 0 0 0 1 0 
No.29It's not a hypereuler graph(All conditions are not met):
0 1 0 0 0 0 0 0 0 0 0 0 0 0 0 0 0 0 0 0 
1 0 1 1 1 1 1 1 1 1 0 0 0 0 0 0 0 0 0 0 
0 1 0 0 1 1 1 1 0 0 0 0 0 0 0 0 0 0 0 0 
0 1 0 0 0 0 0 0 0 0 0 0 0 0 0 0 0 0 0 0 
0 1 1 0 0 1 0 0 0 0 0 0 0 0 0 0 0 0 0 0 
0 1 1 0 1 0 1 1 1 1 1 1 1 1 0 0 0 0 0 0 
0 1 1 0 0 1 0 1 1 1 1 0 0 0 0 0 0 0 0 0 
0 1 1 0 0 1 1 0 0 1 1 1 1 1 1 1 1 1 0 0 
0 1 0 0 0 1 1 0 0 0 0 0 0 0 0 0 0 0 0 0 
0 1 0 0 0 1 1 1 0 0 1 1 1 1 1 1 1 1 1 0 
0 0 0 0 0 1 1 1 0 1 0 1 1 1 1 1 0 0 0 0 
0 0 0 0 0 1 0 1 0 1 1 0 1 1 0 1 1 1 0 0 
0 0 0 0 0 1 0 1 0 1 1 1 0 1 0 1 0 0 0 0 
0 0 0 0 0 1 0 1 0 1 1 1 1 0 0 1 1 1 0 0 
0 0 0 0 0 0 0 1 0 1 1 0 0 0 0 0 0 0 0 0 
0 0 0 0 0 0 0 1 0 1 1 1 1 1 0 0 1 1 1 0 
0 0 0 0 0 0 0 1 0 1 0 1 0 1 0 1 0 1 1 0 
0 0 0 0 0 0 0 1 0 1 0 1 0 1 0 1 1 0 1 0 
0 0 0 0 0 0 0 0 0 1 0 0 0 0 0 1 1 1 0 1 
0 0 0 0 0 0 0 0 0 0 0 0 0 0 0 0 0 0 1 0 
No.30It's not a hypereuler graph(All conditions are not met):
0 1 1 1 1 1 1 1 1 1 1 1 1 1 0 0 0 0 0 0 
1 0 0 1 1 1 1 1 1 1 1 1 1 0 0 0 0 0 0 0 
1 0 0 0 0 0 0 0 0 0 0 0 0 0 0 0 0 0 0 0 
1 1 0 0 1 0 0 0 0 0 0 0 0 0 0 0 0 0 0 0 
1 1 0 1 0 1 1 1 1 1 1 0 0 0 0 0 0 0 0 0 
1 1 0 0 1 0 0 0 0 0 0 0 0 0 0 0 0 0 0 0 
1 1 0 0 1 0 0 1 1 1 1 1 1 1 1 0 0 0 0 0 
1 1 0 0 1 0 1 0 1 1 1 0 1 1 0 0 0 0 0 0 
1 1 0 0 1 0 1 1 0 0 0 0 0 0 0 0 0 0 0 0 
1 1 0 0 1 0 1 1 0 0 1 0 1 1 1 1 1 0 0 0 
1 1 0 0 1 0 1 1 0 1 0 0 0 1 1 1 0 1 1 0 
1 1 0 0 0 0 1 0 0 0 0 0 0 0 0 0 0 0 0 0 
1 1 0 0 0 0 1 1 0 1 0 0 0 0 0 0 0 0 0 0 
1 0 0 0 0 0 1 1 0 1 1 0 0 0 1 1 0 1 0 1 
0 0 0 0 0 0 1 0 0 1 1 0 0 1 0 1 0 1 0 1 
0 0 0 0 0 0 0 0 0 1 1 0 0 1 1 0 0 0 0 1 
0 0 0 0 0 0 0 0 0 1 0 0 0 0 0 0 0 0 0 0 
0 0 0 0 0 0 0 0 0 0 1 0 0 1 1 0 0 0 0 0 
0 0 0 0 0 0 0 0 0 0 1 0 0 0 0 0 0 0 0 0 
0 0 0 0 0 0 0 0 0 0 0 0 0 1 1 1 0 0 0 0 
No.31It's not a hypereuler graph(All conditions are not met):
0 1 1 1 0 0 0 0 0 0 0 0 0 0 0 0 0 0 0 0 
1 0 1 1 1 1 1 1 1 1 1 1 0 0 0 0 0 0 0 0 
1 1 0 1 1 0 1 1 1 1 1 1 1 1 1 0 0 0 0 0 
1 1 1 0 1 0 1 1 1 1 1 1 0 1 0 1 1 0 0 0 
0 1 1 1 0 0 1 1 0 1 1 0 0 0 0 0 0 0 0 0 
0 1 0 0 0 0 0 0 0 0 0 0 0 0 0 0 0 0 0 0 
0 1 1 1 1 0 0 1 0 1 1 1 0 1 0 1 1 1 1 0 
0 1 1 1 1 0 1 0 0 0 1 1 0 1 0 1 1 0 1 0 
0 1 1 1 0 0 0 0 0 0 0 0 0 0 0 0 0 0 0 0 
0 1 1 1 1 0 1 0 0 0 0 0 0 0 0 0 0 0 0 0 
0 1 1 1 1 0 1 1 0 0 0 1 0 1 0 1 1 0 1 0 
0 1 1 1 0 0 1 1 0 0 1 0 0 1 0 1 1 0 0 0 
0 0 1 0 0 0 0 0 0 0 0 0 0 0 0 0 0 0 0 0 
0 0 1 1 0 0 1 1 0 0 1 1 0 0 0 1 1 0 0 1 
0 0 1 0 0 0 0 0 0 0 0 0 0 0 0 0 0 0 0 0 
0 0 0 1 0 0 1 1 0 0 1 1 0 1 0 0 1 0 0 0 
0 0 0 1 0 0 1 1 0 0 1 1 0 1 0 1 0 0 0 0 
0 0 0 0 0 0 1 0 0 0 0 0 0 0 0 0 0 0 0 0 
0 0 0 0 0 0 1 1 0 0 1 0 0 0 0 0 0 0 0 0 
0 0 0 0 0 0 0 0 0 0 0 0 0 1 0 0 0 0 0 0 
No.32It's not a hypereuler graph(All conditions are not met):
0 1 1 1 1 1 1 1 1 1 1 1 1 1 0 0 0 0 0 0 
1 0 0 1 1 1 1 1 1 1 0 1 1 1 0 0 0 0 0 0 
1 0 0 0 0 0 0 0 0 0 0 0 0 0 0 0 0 0 0 0 
1 1 0 0 1 1 1 1 1 1 0 1 0 0 0 0 0 0 0 0 
1 1 0 1 0 1 1 1 1 1 0 0 1 1 1 0 0 0 0 0 
1 1 0 1 1 0 1 0 0 0 0 0 0 0 0 0 0 0 0 0 
1 1 0 1 1 1 0 1 1 1 0 0 1 0 1 1 0 0 0 0 
1 1 0 1 1 0 1 0 1 1 0 0 1 0 1 0 0 0 0 0 
1 1 0 1 1 0 1 1 0 1 0 0 1 0 1 1 1 1 1 0 
1 1 0 1 1 0 1 1 1 0 0 0 1 0 1 1 1 1 1 0 
1 0 0 0 0 0 0 0 0 0 0 0 0 0 0 0 0 0 0 0 
1 1 0 1 0 0 0 0 0 0 0 0 0 0 0 0 0 0 0 0 
1 1 0 0 1 0 1 1 1 1 0 0 0 0 0 0 0 0 0 0 
1 1 0 0 1 0 0 0 0 0 0 0 0 0 0 0 0 0 0 0 
0 0 0 0 1 0 1 1 1 1 0 0 0 0 0 1 1 1 1 0 
0 0 0 0 0 0 1 0 1 1 0 0 0 0 1 0 1 1 1 0 
0 0 0 0 0 0 0 0 1 1 0 0 0 0 1 1 0 1 1 1 
0 0 0 0 0 0 0 0 1 1 0 0 0 0 1 1 1 0 1 1 
0 0 0 0 0 0 0 0 1 1 0 0 0 0 1 1 1 1 0 1 
0 0 0 0 0 0 0 0 0 0 0 0 0 0 0 0 1 1 1 0 
No.33It's not a hypereuler graph(All conditions are not met):
0 1 1 1 1 1 1 1 1 1 1 1 0 0 0 0 0 0 0 0 
1 0 0 1 1 0 0 0 0 0 0 0 0 0 0 0 0 0 0 0 
1 0 0 0 0 0 0 0 0 0 0 0 0 0 0 0 0 0 0 0 
1 1 0 0 1 0 0 0 0 0 0 0 0 0 0 0 0 0 0 0 
1 1 0 1 0 1 1 1 1 1 1 0 0 0 0 0 0 0 0 0 
1 0 0 0 1 0 1 0 0 0 0 0 0 0 0 0 0 0 0 0 
1 0 0 0 1 1 0 1 1 1 1 0 0 0 0 0 0 0 0 0 
1 0 0 0 1 0 1 0 1 0 1 1 1 0 0 0 0 0 0 0 
1 0 0 0 1 0 1 1 0 0 1 1 0 1 1 1 1 1 1 1 
1 0 0 0 1 0 1 0 0 0 0 0 0 0 0 0 0 0 0 0 
1 0 0 0 1 0 1 1 1 0 0 1 0 1 0 0 1 1 1 1 
1 0 0 0 0 0 0 1 1 0 1 0 0 1 0 0 1 1 1 1 
0 0 0 0 0 0 0 1 0 0 0 0 0 0 0 0 0 0 0 0 
0 0 0 0 0 0 0 0 1 0 1 1 0 0 0 0 0 0 0 0 
0 0 0 0 0 0 0 0 1 0 0 0 0 0 0 0 0 0 0 0 
0 0 0 0 0 0 0 0 1 0 0 0 0 0 0 0 0 0 0 0 
0 0 0 0 0 0 0 0 1 0 1 1 0 0 0 0 0 0 1 1 
0 0 0 0 0 0 0 0 1 0 1 1 0 0 0 0 0 0 0 0 
0 0 0 0 0 0 0 0 1 0 1 1 0 0 0 0 1 0 0 1 
0 0 0 0 0 0 0 0 1 0 1 1 0 0 0 0 1 0 1 0 
No.34It's not a hypereuler graph(All conditions are not met):
0 1 1 1 1 1 1 1 1 1 1 1 0 0 0 0 0 0 0 0 
1 0 0 1 1 1 1 0 0 0 0 0 0 0 0 0 0 0 0 0 
1 0 0 0 0 0 0 0 0 0 0 0 0 0 0 0 0 0 0 0 
1 1 0 0 1 1 1 0 0 0 0 0 0 0 0 0 0 0 0 0 
1 1 0 1 0 1 0 1 0 1 1 0 1 1 1 1 0 0 0 0 
1 1 0 1 1 0 0 1 0 1 1 0 1 1 1 1 1 1 0 0 
1 1 0 1 0 0 0 0 0 0 0 0 0 0 0 0 0 0 0 0 
1 0 0 0 1 1 0 0 0 1 1 0 1 1 1 1 1 1 1 1 
1 0 0 0 0 0 0 0 0 0 0 0 0 0 0 0 0 0 0 0 
1 0 0 0 1 1 0 1 0 0 1 0 1 1 0 0 0 0 0 0 
1 0 0 0 1 1 0 1 0 1 0 0 1 1 0 1 1 1 1 0 
1 0 0 0 0 0 0 0 0 0 0 0 0 0 0 0 0 0 0 0 
0 0 0 0 1 1 0 1 0 1 1 0 0 0 0 1 0 1 1 1 
0 0 0 0 1 1 0 1 0 1 1 0 0 0 0 0 0 0 0 0 
0 0 0 0 1 1 0 1 0 0 0 0 0 0 0 0 0 0 0 0 
0 0 0 0 1 1 0 1 0 0 1 0 1 0 0 0 0 1 1 0 
0 0 0 0 0 1 0 1 0 0 1 0 0 0 0 0 0 0 0 0 
0 0 0 0 0 1 0 1 0 0 1 0 1 0 0 1 0 0 1 1 
0 0 0 0 0 0 0 1 0 0 1 0 1 0 0 1 0 1 0 0 
0 0 0 0 0 0 0 1 0 0 0 0 1 0 0 0 0 1 0 0 
No.35It's not a hypereuler graph(All conditions are not met):
0 1 0 0 0 0 0 0 0 0 0 0 0 0 0 0 0 0 0 0 
1 0 1 1 1 1 0 0 0 0 0 0 0 0 0 0 0 0 0 0 
0 1 0 1 1 1 1 1 1 0 0 0 0 0 0 0 0 0 0 0 
0 1 1 0 1 0 0 0 0 0 0 0 0 0 0 0 0 0 0 0 
0 1 1 1 0 1 1 1 1 1 1 1 1 1 1 0 0 0 0 0 
0 1 1 0 1 0 1 1 1 1 1 1 0 0 0 0 0 0 0 0 
0 0 1 0 1 1 0 1 1 0 0 0 0 0 0 0 0 0 0 0 
0 0 1 0 1 1 1 0 1 0 0 0 0 0 0 0 0 0 0 0 
0 0 1 0 1 1 1 1 0 1 1 1 1 0 0 0 0 0 0 0 
0 0 0 0 1 1 0 0 1 0 1 1 1 1 0 1 1 1 1 0 
0 0 0 0 1 1 0 0 1 1 0 1 1 1 0 1 0 1 1 1 
0 0 0 0 1 1 0 0 1 1 1 0 0 0 0 0 0 0 0 0 
0 0 0 0 1 0 0 0 1 1 1 0 0 1 0 1 0 1 0 0 
0 0 0 0 1 0 0 0 0 1 1 0 1 0 0 1 0 1 1 0 
0 0 0 0 1 0 0 0 0 0 0 0 0 0 0 0 0 0 0 0 
0 0 0 0 0 0 0 0 0 1 1 0 1 1 0 0 0 1 1 1 
0 0 0 0 0 0 0 0 0 1 0 0 0 0 0 0 0 0 0 0 
0 0 0 0 0 0 0 0 0 1 1 0 1 1 0 1 0 0 1 1 
0 0 0 0 0 0 0 0 0 1 1 0 0 1 0 1 0 1 0 0 
0 0 0 0 0 0 0 0 0 0 1 0 0 0 0 1 0 1 0 0 
No.36It's not a hypereuler graph(All conditions are not met):
0 1 0 0 0 0 0 0 0 0 0 0 0 0 0 0 0 0 0 0 
1 0 1 1 1 1 0 0 0 0 0 0 0 0 0 0 0 0 0 0 
0 1 0 1 1 1 1 1 1 1 1 1 1 0 0 0 0 0 0 0 
0 1 1 0 1 1 1 1 1 0 0 0 0 0 0 0 0 0 0 0 
0 1 1 1 0 1 1 1 1 1 1 1 1 0 0 0 0 0 0 0 
0 1 1 1 1 0 1 0 1 1 1 1 1 1 1 1 0 0 0 0 
0 0 1 1 1 1 0 0 1 1 1 1 0 1 1 1 1 1 0 0 
0 0 1 1 1 0 0 0 0 0 0 0 0 0 0 0 0 0 0 0 
0 0 1 1 1 1 1 0 0 1 1 1 0 1 1 1 1 0 1 0 
0 0 1 0 1 1 1 0 1 0 1 1 0 0 0 0 0 0 0 0 
0 0 1 0 1 1 1 0 1 1 0 1 0 1 1 0 1 0 1 0 
0 0 1 0 1 1 1 0 1 1 1 0 0 1 1 0 0 0 0 0 
0 0 1 0 1 1 0 0 0 0 0 0 0 0 0 0 0 0 0 0 
0 0 0 0 0 1 1 0 1 0 1 1 0 0 0 0 0 0 1 1 
0 0 0 0 0 1 1 0 1 0 1 1 0 0 0 0 0 0 0 0 
0 0 0 0 0 1 1 0 1 0 0 0 0 0 0 0 0 0 0 0 
0 0 0 0 0 0 1 0 1 0 1 0 0 0 0 0 0 0 0 0 
0 0 0 0 0 0 1 0 0 0 0 0 0 0 0 0 0 0 0 0 
0 0 0 0 0 0 0 0 1 0 1 0 0 1 0 0 0 0 0 0 
0 0 0 0 0 0 0 0 0 0 0 0 0 1 0 0 0 0 0 0 
No.37It's not a hypereuler graph(All conditions are not met):
0 1 0 0 0 0 0 0 0 0 0 0 0 0 0 0 0 0 0 0 
1 0 1 1 1 1 1 1 1 1 1 1 0 0 0 0 0 0 0 0 
0 1 0 1 1 0 0 0 0 0 0 0 0 0 0 0 0 0 0 0 
0 1 1 0 1 1 1 1 0 1 0 0 0 0 0 0 0 0 0 0 
0 1 1 1 0 1 1 1 0 1 1 1 1 1 0 0 0 0 0 0 
0 1 0 1 1 0 1 1 0 0 0 0 0 0 0 0 0 0 0 0 
0 1 0 1 1 1 0 1 0 0 0 0 0 0 0 0 0 0 0 0 
0 1 0 1 1 1 1 0 0 0 0 0 0 0 0 0 0 0 0 0 
0 1 0 0 0 0 0 0 0 0 0 0 0 0 0 0 0 0 0 0 
0 1 0 1 1 0 0 0 0 0 1 1 0 1 1 0 0 0 0 0 
0 1 0 0 1 0 0 0 0 1 0 0 0 1 1 1 1 1 1 0 
0 1 0 0 1 0 0 0 0 1 0 0 0 0 0 0 0 0 0 0 
0 0 0 0 1 0 0 0 0 0 0 0 0 0 0 0 0 0 0 0 
0 0 0 0 1 0 0 0 0 1 1 0 0 0 1 1 1 0 1 0 
0 0 0 0 0 0 0 0 0 1 1 0 0 1 0 0 0 0 0 0 
0 0 0 0 0 0 0 0 0 0 1 0 0 1 0 0 1 0 1 1 
0 0 0 0 0 0 0 0 0 0 1 0 0 1 0 1 0 0 1 1 
0 0 0 0 0 0 0 0 0 0 1 0 0 0 0 0 0 0 0 0 
0 0 0 0 0 0 0 0 0 0 1 0 0 1 0 1 1 0 0 1 
0 0 0 0 0 0 0 0 0 0 0 0 0 0 0 1 1 0 1 0 
No.38It's not a hypereuler graph(All conditions are not met):
0 1 1 1 1 1 0 0 0 0 0 0 0 0 0 0 0 0 0 0 
1 0 1 1 1 1 1 1 0 0 0 0 0 0 0 0 0 0 0 0 
1 1 0 1 1 1 1 1 1 1 1 1 1 1 0 0 0 0 0 0 
1 1 1 0 1 1 1 1 1 1 1 1 1 1 0 0 0 0 0 0 
1 1 1 1 0 1 1 1 1 1 1 1 0 0 0 0 0 0 0 0 
1 1 1 1 1 0 1 1 1 1 0 1 1 1 1 0 0 0 0 0 
0 1 1 1 1 1 0 1 1 1 0 1 1 0 1 1 1 0 0 0 
0 1 1 1 1 1 1 0 1 1 0 1 1 0 1 0 0 1 1 0 
0 0 1 1 1 1 1 1 0 1 0 0 0 0 0 0 0 0 0 0 
0 0 1 1 1 1 1 1 1 0 0 1 1 0 1 0 0 0 1 0 
0 0 1 1 1 0 0 0 0 0 0 0 0 0 0 0 0 0 0 0 
0 0 1 1 1 1 1 1 0 1 0 0 1 0 1 0 0 0 0 0 
0 0 1 1 0 1 1 1 0 1 0 1 0 0 0 0 0 0 0 0 
0 0 1 1 0 1 0 0 0 0 0 0 0 0 0 0 0 0 0 0 
0 0 0 0 0 1 1 1 0 1 0 1 0 0 0 0 0 0 1 1 
0 0 0 0 0 0 1 0 0 0 0 0 0 0 0 0 0 0 0 0 
0 0 0 0 0 0 1 0 0 0 0 0 0 0 0 0 0 0 0 0 
0 0 0 0 0 0 0 1 0 0 0 0 0 0 0 0 0 0 0 0 
0 0 0 0 0 0 0 1 0 1 0 0 0 0 1 0 0 0 0 0 
0 0 0 0 0 0 0 0 0 0 0 0 0 0 1 0 0 0 0 0 
No.39It's not a hypereuler graph(All conditions are not met):
0 1 1 1 1 1 1 1 1 1 0 0 0 0 0 0 0 0 0 0 
1 0 0 1 1 0 0 0 0 0 0 0 0 0 0 0 0 0 0 0 
1 0 0 0 0 0 0 0 0 0 0 0 0 0 0 0 0 0 0 0 
1 1 0 0 1 1 1 1 0 1 1 1 0 0 0 0 0 0 0 0 
1 1 0 1 0 1 1 1 0 1 1 1 1 1 1 1 0 0 0 0 
1 0 0 1 1 0 1 1 0 1 1 1 1 0 0 0 0 0 0 0 
1 0 0 1 1 1 0 1 0 0 0 0 0 0 0 0 0 0 0 0 
1 0 0 1 1 1 1 0 0 0 0 0 0 0 0 0 0 0 0 0 
1 0 0 0 0 0 0 0 0 0 0 0 0 0 0 0 0 0 0 0 
1 0 0 1 1 1 0 0 0 0 1 1 1 1 1 1 1 1 1 0 
0 0 0 1 1 1 0 0 0 1 0 1 1 1 0 0 0 0 0 0 
0 0 0 1 1 1 0 0 0 1 1 0 1 1 1 1 1 1 1 1 
0 0 0 0 1 1 0 0 0 1 1 1 0 1 1 1 1 0 0 0 
0 0 0 0 1 0 0 0 0 1 1 1 1 0 1 1 1 1 0 0 
0 0 0 0 1 0 0 0 0 1 0 1 1 1 0 0 1 1 1 1 
0 0 0 0 1 0 0 0 0 1 0 1 1 1 0 0 0 0 0 0 
0 0 0 0 0 0 0 0 0 1 0 1 1 1 1 0 0 1 1 0 
0 0 0 0 0 0 0 0 0 1 0 1 0 1 1 0 1 0 1 1 
0 0 0 0 0 0 0 0 0 1 0 1 0 0 1 0 1 1 0 0 
0 0 0 0 0 0 0 0 0 0 0 1 0 0 1 0 0 1 0 0 
No.40It's not a hypereuler graph(All conditions are not met):
0 1 1 1 1 1 0 0 0 0 0 0 0 0 0 0 0 0 0 0 
1 0 1 1 1 1 1 1 1 1 1 1 0 0 0 0 0 0 0 0 
1 1 0 1 1 1 1 1 0 0 0 0 0 0 0 0 0 0 0 0 
1 1 1 0 1 1 0 0 0 0 0 0 0 0 0 0 0 0 0 0 
1 1 1 1 0 1 1 1 1 1 1 1 0 0 0 0 0 0 0 0 
1 1 1 1 1 0 1 1 1 1 1 1 0 0 0 0 0 0 0 0 
0 1 1 0 1 1 0 1 1 1 1 1 1 1 1 1 0 0 0 0 
0 1 1 0 1 1 1 0 0 0 0 0 0 0 0 0 0 0 0 0 
0 1 0 0 1 1 1 0 0 1 1 1 1 1 0 0 0 0 0 0 
0 1 0 0 1 1 1 0 1 0 1 1 1 1 1 0 1 1 1 0 
0 1 0 0 1 1 1 0 1 1 0 1 0 1 1 0 0 0 0 0 
0 1 0 0 1 1 1 0 1 1 1 0 0 0 0 0 0 0 0 0 
0 0 0 0 0 0 1 0 1 1 0 0 0 0 0 0 0 0 0 0 
0 0 0 0 0 0 1 0 1 1 1 0 0 0 1 0 0 0 0 0 
0 0 0 0 0 0 1 0 0 1 1 0 0 1 0 0 1 0 0 0 
0 0 0 0 0 0 1 0 0 0 0 0 0 0 0 0 0 0 0 0 
0 0 0 0 0 0 0 0 0 1 0 0 0 0 1 0 0 0 1 0 
0 0 0 0 0 0 0 0 0 1 0 0 0 0 0 0 0 0 0 0 
0 0 0 0 0 0 0 0 0 1 0 0 0 0 0 0 1 0 0 1 
0 0 0 0 0 0 0 0 0 0 0 0 0 0 0 0 0 0 1 0 
No.42It's not a hypereuler graph(All conditions are not met):
0 1 1 1 1 1 1 1 0 0 0 0 0 0 0 0 0 0 0 0 
1 0 0 0 0 0 0 0 0 0 0 0 0 0 0 0 0 0 0 0 
1 0 0 0 1 0 1 1 1 1 1 1 1 0 0 0 0 0 0 0 
1 0 0 0 0 0 0 0 0 0 0 0 0 0 0 0 0 0 0 0 
1 0 1 0 0 0 1 1 1 1 1 1 1 1 1 1 1 0 0 0 
1 0 0 0 0 0 0 0 0 0 0 0 0 0 0 0 0 0 0 0 
1 0 1 0 1 0 0 0 1 1 1 1 1 1 1 1 1 1 0 0 
1 0 1 0 1 0 0 0 0 0 0 0 0 0 0 0 0 0 0 0 
0 0 1 0 1 0 1 0 0 1 1 0 1 1 1 1 1 1 0 0 
0 0 1 0 1 0 1 0 1 0 1 0 1 1 1 1 1 1 0 0 
0 0 1 0 1 0 1 0 1 1 0 0 1 1 1 1 1 1 1 1 
0 0 1 0 1 0 1 0 0 0 0 0 0 0 0 0 0 0 0 0 
0 0 1 0 1 0 1 0 1 1 1 0 0 1 1 1 0 0 0 0 
0 0 0 0 1 0 1 0 1 1 1 0 1 0 1 1 0 1 0 0 
0 0 0 0 1 0 1 0 1 1 1 0 1 1 0 0 0 0 0 0 
0 0 0 0 1 0 1 0 1 1 1 0 1 1 0 0 0 1 1 0 
0 0 0 0 1 0 1 0 1 1 1 0 0 0 0 0 0 0 0 0 
0 0 0 0 0 0 1 0 1 1 1 0 0 1 0 1 0 0 1 0 
0 0 0 0 0 0 0 0 0 0 1 0 0 0 0 1 0 1 0 0 
0 0 0 0 0 0 0 0 0 0 1 0 0 0 0 0 0 0 0 0 
No.43It's not a hypereuler graph(All conditions are not met):
0 1 1 1 1 1 0 0 0 0 0 0 0 0 0 0 0 0 0 0 
1 0 1 0 1 1 1 1 1 1 1 0 0 0 0 0 0 0 0 0 
1 1 0 0 1 1 1 1 1 0 1 1 1 1 0 0 0 0 0 0 
1 0 0 0 0 0 0 0 0 0 0 0 0 0 0 0 0 0 0 0 
1 1 1 0 0 0 0 0 0 0 0 0 0 0 0 0 0 0 0 0 
1 1 1 0 0 0 1 1 1 0 1 1 1 1 1 1 1 0 0 0 
0 1 1 0 0 1 0 1 1 0 0 1 1 1 1 0 1 1 0 0 
0 1 1 0 0 1 1 0 1 0 0 1 1 0 0 0 0 0 0 0 
0 1 1 0 0 1 1 1 0 0 0 1 1 1 1 0 0 0 0 0 
0 1 0 0 0 0 0 0 0 0 0 0 0 0 0 0 0 0 0 0 
0 1 1 0 0 1 0 0 0 0 0 0 0 0 0 0 0 0 0 0 
0 0 1 0 0 1 1 1 1 0 0 0 1 1 1 0 1 0 0 0 
0 0 1 0 0 1 1 1 1 0 0 1 0 1 0 0 0 0 0 0 
0 0 1 0 0 1 1 0 1 0 0 1 1 0 1 0 0 0 0 0 
0 0 0 0 0 1 1 0 1 0 0 1 0 1 0 0 1 0 1 0 
0 0 0 0 0 1 0 0 0 0 0 0 0 0 0 0 0 0 0 0 
0 0 0 0 0 1 1 0 0 0 0 1 0 0 1 0 0 0 1 0 
0 0 0 0 0 0 1 0 0 0 0 0 0 0 0 0 0 0 0 0 
0 0 0 0 0 0 0 0 0 0 0 0 0 0 1 0 1 0 0 1 
0 0 0 0 0 0 0 0 0 0 0 0 0 0 0 0 0 0 1 0 
No.44It's not a hypereuler graph(All conditions are not met):
0 1 1 1 1 1 1 1 1 1 0 0 0 0 0 0 0 0 0 0 
1 0 1 1 0 0 0 0 0 0 0 0 0 0 0 0 0 0 0 0 
1 1 0 1 0 0 0 1 1 1 1 1 1 1 1 1 1 0 0 0 
1 1 1 0 0 0 0 1 1 1 1 0 1 1 0 1 1 0 0 0 
1 0 0 0 0 0 0 0 0 0 0 0 0 0 0 0 0 0 0 0 
1 0 0 0 0 0 0 0 0 0 0 0 0 0 0 0 0 0 0 0 
1 0 0 0 0 0 0 0 0 0 0 0 0 0 0 0 0 0 0 0 
1 0 1 1 0 0 0 0 1 1 0 0 0 0 0 0 0 0 0 0 
1 0 1 1 0 0 0 1 0 1 1 0 1 1 0 1 1 1 0 0 
1 0 1 1 0 0 0 1 1 0 1 0 1 1 0 0 1 0 0 0 
0 0 1 1 0 0 0 0 1 1 0 0 1 1 0 0 1 0 0 0 
0 0 1 0 0 0 0 0 0 0 0 0 0 0 0 0 0 0 0 0 
0 0 1 1 0 0 0 0 1 1 1 0 0 1 0 0 0 1 1 1 
0 0 1 1 0 0 0 0 1 1 1 0 1 0 0 0 0 1 0 0 
0 0 1 0 0 0 0 0 0 0 0 0 0 0 0 0 0 0 0 0 
0 0 1 1 0 0 0 0 1 0 0 0 0 0 0 0 0 0 0 0 
0 0 1 1 0 0 0 0 1 1 1 0 0 0 0 0 0 0 0 0 
0 0 0 0 0 0 0 0 1 0 0 0 1 1 0 0 0 0 0 0 
0 0 0 0 0 0 0 0 0 0 0 0 1 0 0 0 0 0 0 0 
0 0 0 0 0 0 0 0 0 0 0 0 1 0 0 0 0 0 0 0 
No.45It's not a hypereuler graph(All conditions are not met):
0 1 1 1 1 1 1 1 1 1 0 0 0 0 0 0 0 0 0 0 
1 0 1 1 0 1 0 1 1 1 1 1 0 0 0 0 0 0 0 0 
1 1 0 1 0 1 0 1 1 1 1 1 1 1 0 0 0 0 0 0 
1 1 1 0 0 1 0 1 0 0 0 0 0 0 0 0 0 0 0 0 
1 0 0 0 0 0 0 0 0 0 0 0 0 0 0 0 0 0 0 0 
1 1 1 1 0 0 0 1 0 1 1 1 1 0 1 1 1 1 0 0 
1 0 0 0 0 0 0 0 0 0 0 0 0 0 0 0 0 0 0 0 
1 1 1 1 0 1 0 0 0 1 1 0 1 0 0 1 1 1 0 0 
1 1 1 0 0 0 0 0 0 0 0 0 0 0 0 0 0 0 0 0 
1 1 1 0 0 1 0 1 0 0 1 0 1 0 0 1 1 0 0 0 
0 1 1 0 0 1 0 1 0 1 0 0 1 0 0 1 0 0 0 0 
0 1 1 0 0 1 0 0 0 0 0 0 0 0 0 0 0 0 0 0 
0 0 1 0 0 1 0 1 0 1 1 0 0 0 0 0 0 0 0 0 
0 0 1 0 0 0 0 0 0 0 0 0 0 0 0 0 0 0 0 0 
0 0 0 0 0 1 0 0 0 0 0 0 0 0 0 0 0 0 0 0 
0 0 0 0 0 1 0 1 0 1 1 0 0 0 0 0 1 1 1 0 
0 0 0 0 0 1 0 1 0 1 0 0 0 0 0 1 0 1 1 1 
0 0 0 0 0 1 0 1 0 0 0 0 0 0 0 1 1 0 1 0 
0 0 0 0 0 0 0 0 0 0 0 0 0 0 0 1 1 1 0 0 
0 0 0 0 0 0 0 0 0 0 0 0 0 0 0 0 1 0 0 0 
No.46It's not a hypereuler graph(All conditions are not met):
0 1 0 0 0 0 0 0 0 0 0 0 0 0 0 0 0 0 0 0 
1 0 1 1 1 1 1 1 1 1 0 0 0 0 0 0 0 0 0 0 
0 1 0 1 1 1 1 0 1 1 0 0 0 0 0 0 0 0 0 0 
0 1 1 0 1 1 1 0 0 0 0 0 0 0 0 0 0 0 0 0 
0 1 1 1 0 0 0 0 1 1 1 1 1 1 0 0 0 0 0 0 
0 1 1 1 0 0 0 0 0 0 0 0 0 0 0 0 0 0 0 0 
0 1 1 1 0 0 0 0 0 0 0 0 0 0 0 0 0 0 0 0 
0 1 0 0 0 0 0 0 0 0 0 0 0 0 0 0 0 0 0 0 
0 1 1 0 1 0 0 0 0 1 1 1 1 0 0 0 0 0 0 0 
0 1 1 0 1 0 0 0 1 0 1 1 1 1 1 1 1 1 1 0 
0 0 0 0 1 0 0 0 1 1 0 0 0 0 0 0 0 0 0 0 
0 0 0 0 1 0 0 0 1 1 0 0 1 1 1 1 1 1 0 0 
0 0 0 0 1 0 0 0 1 1 0 1 0 1 1 1 0 0 0 0 
0 0 0 0 1 0 0 0 0 1 0 1 1 0 1 1 1 0 0 0 
0 0 0 0 0 0 0 0 0 1 0 1 1 1 0 1 0 1 1 0 
0 0 0 0 0 0 0 0 0 1 0 1 1 1 1 0 0 0 0 0 
0 0 0 0 0 0 0 0 0 1 0 1 0 1 0 0 0 0 0 0 
0 0 0 0 0 0 0 0 0 1 0 1 0 0 1 0 0 0 1 1 
0 0 0 0 0 0 0 0 0 1 0 0 0 0 1 0 0 1 0 0 
0 0 0 0 0 0 0 0 0 0 0 0 0 0 0 0 0 1 0 0 
No.47It's not a hypereuler graph(All conditions are not met):
0 1 1 1 1 1 1 1 1 1 1 1 1 1 0 0 0 0 0 0 
1 0 1 0 0 1 1 1 1 0 1 1 1 1 1 0 0 0 0 0 
1 1 0 0 0 1 1 1 0 0 0 0 0 0 0 0 0 0 0 0 
1 0 0 0 0 0 0 0 0 0 0 0 0 0 0 0 0 0 0 0 
1 0 0 0 0 0 0 0 0 0 0 0 0 0 0 0 0 0 0 0 
1 1 1 0 0 0 0 1 1 0 1 1 1 1 0 0 0 0 0 0 
1 1 1 0 0 0 0 0 0 0 0 0 0 0 0 0 0 0 0 0 
1 1 1 0 0 1 0 0 1 0 0 0 0 0 0 0 0 0 0 0 
1 1 0 0 0 1 0 1 0 0 1 1 1 1 1 1 1 0 0 0 
1 0 0 0 0 0 0 0 0 0 0 0 0 0 0 0 0 0 0 0 
1 1 0 0 0 1 0 0 1 0 0 1 1 1 1 1 1 1 1 1 
1 1 0 0 0 1 0 0 1 0 1 0 0 0 0 0 0 0 0 0 
1 1 0 0 0 1 0 0 1 0 1 0 0 1 1 1 1 0 0 0 
1 1 0 0 0 1 0 0 1 0 1 0 1 0 1 0 0 0 0 0 
0 1 0 0 0 0 0 0 1 0 1 0 1 1 0 1 1 0 0 0 
0 0 0 0 0 0 0 0 1 0 1 0 1 0 1 0 1 1 0 1 
0 0 0 0 0 0 0 0 1 0 1 0 1 0 1 1 0 0 0 0 
0 0 0 0 0 0 0 0 0 0 1 0 0 0 0 1 0 0 0 1 
0 0 0 0 0 0 0 0 0 0 1 0 0 0 0 0 0 0 0 0 
0 0 0 0 0 0 0 0 0 0 1 0 0 0 0 1 0 1 0 0 
No.48It's not a hypereuler graph(All conditions are not met):
0 1 1 1 1 1 1 1 1 1 1 1 0 0 0 0 0 0 0 0 
1 0 1 1 1 1 1 1 0 0 0 0 0 0 0 0 0 0 0 0 
1 1 0 1 1 1 1 1 1 1 1 0 1 1 1 0 0 0 0 0 
1 1 1 0 1 1 1 1 1 1 1 0 1 0 0 0 0 0 0 0 
1 1 1 1 0 1 1 1 0 1 0 0 1 1 0 1 0 0 0 0 
1 1 1 1 1 0 1 1 0 1 0 0 1 1 0 1 1 1 0 0 
1 1 1 1 1 1 0 1 0 1 0 0 1 1 0 1 1 1 0 0 
1 1 1 1 1 1 1 0 0 1 0 0 1 1 0 1 0 0 0 0 
1 0 1 1 0 0 0 0 0 0 0 0 0 0 0 0 0 0 0 0 
1 0 1 1 1 1 1 1 0 0 0 0 0 0 0 0 0 0 0 0 
1 0 1 1 0 0 0 0 0 0 0 0 0 0 0 0 0 0 0 0 
1 0 0 0 0 0 0 0 0 0 0 0 0 0 0 0 0 0 0 0 
0 0 1 1 1 1 1 1 0 0 0 0 0 1 0 0 0 0 0 0 
0 0 1 0 1 1 1 1 0 0 0 0 1 0 0 1 1 1 1 1 
0 0 1 0 0 0 0 0 0 0 0 0 0 0 0 0 0 0 0 0 
0 0 0 0 1 1 1 1 0 0 0 0 0 1 0 0 0 1 1 0 
0 0 0 0 0 1 1 0 0 0 0 0 0 1 0 0 0 0 0 0 
0 0 0 0 0 1 1 0 0 0 0 0 0 1 0 1 0 0 1 0 
0 0 0 0 0 0 0 0 0 0 0 0 0 1 0 1 0 1 0 0 
0 0 0 0 0 0 0 0 0 0 0 0 0 1 0 0 0 0 0 0 
No.49It's not a hypereuler graph(All conditions are not met):
0 1 0 0 0 0 0 0 0 0 0 0 0 0 0 0 0 0 0 0 
1 0 1 1 1 1 1 1 1 1 0 0 0 0 0 0 0 0 0 0 
0 1 0 1 0 0 1 0 0 0 0 0 0 0 0 0 0 0 0 0 
0 1 1 0 0 0 1 0 0 0 0 0 0 0 0 0 0 0 0 0 
0 1 0 0 0 0 0 0 0 0 0 0 0 0 0 0 0 0 0 0 
0 1 0 0 0 0 0 0 0 0 0 0 0 0 0 0 0 0 0 0 
0 1 1 1 0 0 0 1 1 1 1 1 1 0 0 0 0 0 0 0 
0 1 0 0 0 0 1 0 1 0 0 0 0 0 0 0 0 0 0 0 
0 1 0 0 0 0 1 1 0 0 0 0 0 0 0 0 0 0 0 0 
0 1 0 0 0 0 1 0 0 0 1 1 0 1 0 0 0 0 0 0 
0 0 0 0 0 0 1 0 0 1 0 1 0 0 1 1 1 1 0 0 
0 0 0 0 0 0 1 0 0 1 1 0 0 0 1 1 1 1 0 0 
0 0 0 0 0 0 1 0 0 0 0 0 0 0 0 0 0 0 0 0 
0 0 0 0 0 0 0 0 0 1 0 0 0 0 0 0 0 0 0 0 
0 0 0 0 0 0 0 0 0 0 1 1 0 0 0 1 0 0 0 0 
0 0 0 0 0 0 0 0 0 0 1 1 0 0 1 0 1 1 0 0 
0 0 0 0 0 0 0 0 0 0 1 1 0 0 0 1 0 1 1 0 
0 0 0 0 0 0 0 0 0 0 1 1 0 0 0 1 1 0 1 0 
0 0 0 0 0 0 0 0 0 0 0 0 0 0 0 0 1 1 0 1 
0 0 0 0 0 0 0 0 0 0 0 0 0 0 0 0 0 0 1 0 
No.50It's not a hypereuler graph(All conditions are not met):
0 1 1 1 1 1 0 0 0 0 0 0 0 0 0 0 0 0 0 0 
1 0 1 1 1 1 1 1 1 1 1 1 1 1 0 0 0 0 0 0 
1 1 0 1 1 1 1 1 0 0 0 0 0 0 0 0 0 0 0 0 
1 1 1 0 1 1 1 1 1 1 1 1 0 0 0 0 0 0 0 0 
1 1 1 1 0 1 0 1 1 1 1 1 1 1 1 0 0 0 0 0 
1 1 1 1 1 0 0 1 1 1 1 1 1 0 0 0 0 0 0 0 
0 1 1 1 0 0 0 0 0 0 0 0 0 0 0 0 0 0 0 0 
0 1 1 1 1 1 0 0 1 1 1 1 1 1 0 0 0 0 0 0 
0 1 0 1 1 1 0 1 0 1 1 1 1 0 0 0 0 0 0 0 
0 1 0 1 1 1 0 1 1 0 1 1 1 1 1 0 0 0 0 0 
0 1 0 1 1 1 0 1 1 1 0 1 1 1 1 0 0 0 0 0 
0 1 0 1 1 1 0 1 1 1 1 0 0 1 1 1 0 0 0 0 
0 1 0 0 1 1 0 1 1 1 1 0 0 0 0 0 0 0 0 0 
0 1 0 0 1 0 0 1 0 1 1 1 0 0 1 0 1 1 1 1 
0 0 0 0 1 0 0 0 0 1 1 1 0 1 0 0 1 1 0 0 
0 0 0 0 0 0 0 0 0 0 0 1 0 0 0 0 0 0 0 0 
0 0 0 0 0 0 0 0 0 0 0 0 0 1 1 0 0 1 1 1 
0 0 0 0 0 0 0 0 0 0 0 0 0 1 1 0 1 0 0 0 
0 0 0 0 0 0 0 0 0 0 0 0 0 1 0 0 1 0 0 1 
0 0 0 0 0 0 0 0 0 0 0 0 0 1 0 0 1 0 1 0 
No.51It's not a hypereuler graph(All conditions are not met):
0 1 1 1 1 1 0 0 0 0 0 0 0 0 0 0 0 0 0 0 
1 0 1 1 1 1 1 1 1 1 1 1 1 1 0 0 0 0 0 0 
1 1 0 1 1 1 0 1 1 0 0 0 0 0 0 0 0 0 0 0 
1 1 1 0 1 1 0 0 0 0 0 0 0 0 0 0 0 0 0 0 
1 1 1 1 0 1 0 1 1 1 1 1 1 0 0 0 0 0 0 0 
1 1 1 1 1 0 0 0 0 0 0 0 0 0 0 0 0 0 0 0 
0 1 0 0 0 0 0 0 0 0 0 0 0 0 0 0 0 0 0 0 
0 1 1 0 1 0 0 0 1 1 1 1 1 0 1 0 0 0 0 0 
0 1 1 0 1 0 0 1 0 1 0 0 0 0 0 0 0 0 0 0 
0 1 0 0 1 0 0 1 1 0 1 0 0 0 0 0 0 0 0 0 
0 1 0 0 1 0 0 1 0 1 0 0 1 0 1 1 0 0 0 0 
0 1 0 0 1 0 0 1 0 0 0 0 0 0 0 0 0 0 0 0 
0 1 0 0 1 0 0 1 0 0 1 0 0 0 1 0 0 0 0 0 
0 1 0 0 0 0 0 0 0 0 0 0 0 0 0 0 0 0 0 0 
0 0 0 0 0 0 0 1 0 0 1 0 1 0 0 1 1 1 1 0 
0 0 0 0 0 0 0 0 0 0 1 0 0 0 1 0 1 0 0 0 
0 0 0 0 0 0 0 0 0 0 0 0 0 0 1 1 0 1 0 0 
0 0 0 0 0 0 0 0 0 0 0 0 0 0 1 0 1 0 0 1 
0 0 0 0 0 0 0 0 0 0 0 0 0 0 1 0 0 0 0 0 
0 0 0 0 0 0 0 0 0 0 0 0 0 0 0 0 0 1 0 0 
No.52It's not a hypereuler graph(All conditions are not met):
0 1 1 1 0 0 0 0 0 0 0 0 0 0 0 0 0 0 0 0 
1 0 1 1 1 1 1 1 1 1 0 0 0 0 0 0 0 0 0 0 
1 1 0 1 1 1 1 1 1 1 1 1 0 0 0 0 0 0 0 0 
1 1 1 0 1 1 1 1 1 1 1 1 1 1 0 0 0 0 0 0 
0 1 1 1 0 1 1 0 0 0 0 0 0 0 0 0 0 0 0 0 
0 1 1 1 1 0 1 1 1 1 1 1 1 0 0 0 0 0 0 0 
0 1 1 1 1 1 0 1 1 1 1 1 1 1 1 0 0 0 0 0 
0 1 1 1 0 1 1 0 1 1 1 1 0 0 0 0 0 0 0 0 
0 1 1 1 0 1 1 1 0 1 1 1 1 1 1 1 0 0 0 0 
0 1 1 1 0 1 1 1 1 0 1 1 1 1 1 1 0 0 0 0 
0 0 1 1 0 1 1 1 1 1 0 0 1 1 1 1 1 1 0 0 
0 0 1 1 0 1 1 1 1 1 0 0 0 0 0 0 0 0 0 0 
0 0 0 1 0 1 1 0 1 1 1 0 0 1 1 1 0 0 0 0 
0 0 0 1 0 0 1 0 1 1 1 0 1 0 0 1 1 1 0 0 
0 0 0 0 0 0 1 0 1 1 1 0 1 0 0 0 0 0 0 0 
0 0 0 0 0 0 0 0 1 1 1 0 1 1 0 0 1 1 1 1 
0 0 0 0 0 0 0 0 0 0 1 0 0 1 0 1 0 1 1 0 
0 0 0 0 0 0 0 0 0 0 1 0 0 1 0 1 1 0 1 0 
0 0 0 0 0 0 0 0 0 0 0 0 0 0 0 1 1 1 0 0 
0 0 0 0 0 0 0 0 0 0 0 0 0 0 0 1 0 0 0 0 
No.53It's not a hypereuler graph(All conditions are not met):
0 1 1 1 1 1 0 0 0 0 0 0 0 0 0 0 0 0 0 0 
1 0 1 1 1 1 1 1 1 1 0 0 0 0 0 0 0 0 0 0 
1 1 0 1 1 1 1 1 0 1 1 1 1 0 0 0 0 0 0 0 
1 1 1 0 1 0 1 1 0 1 0 1 1 0 0 0 0 0 0 0 
1 1 1 1 0 0 1 1 0 1 0 1 1 1 1 1 1 0 0 0 
1 1 1 0 0 0 0 0 0 0 0 0 0 0 0 0 0 0 0 0 
0 1 1 1 1 0 0 1 0 1 0 1 1 1 0 0 0 0 0 0 
0 1 1 1 1 0 1 0 0 0 0 0 0 0 0 0 0 0 0 0 
0 1 0 0 0 0 0 0 0 0 0 0 0 0 0 0 0 0 0 0 
0 1 1 1 1 0 1 0 0 0 0 1 1 0 0 0 0 0 0 0 
0 0 1 0 0 0 0 0 0 0 0 0 0 0 0 0 0 0 0 0 
0 0 1 1 1 0 1 0 0 1 0 0 1 1 1 1 1 1 1 1 
0 0 1 1 1 0 1 0 0 1 0 1 0 0 1 0 0 0 0 0 
0 0 0 0 1 0 1 0 0 0 0 1 0 0 0 0 0 0 0 0 
0 0 0 0 1 0 0 0 0 0 0 1 1 0 0 1 1 1 1 0 
0 0 0 0 1 0 0 0 0 0 0 1 0 0 1 0 1 1 0 0 
0 0 0 0 1 0 0 0 0 0 0 1 0 0 1 1 0 1 1 1 
0 0 0 0 0 0 0 0 0 0 0 1 0 0 1 1 1 0 1 0 
0 0 0 0 0 0 0 0 0 0 0 1 0 0 1 0 1 1 0 1 
0 0 0 0 0 0 0 0 0 0 0 1 0 0 0 0 1 0 1 0 
No.54It's not a hypereuler graph(All conditions are not met):
0 1 1 1 0 0 0 0 0 0 0 0 0 0 0 0 0 0 0 0 
1 0 1 1 1 1 1 1 1 1 1 1 0 0 0 0 0 0 0 0 
1 1 0 1 1 1 0 0 0 0 0 0 0 0 0 0 0 0 0 0 
1 1 1 0 1 1 1 1 1 1 0 0 0 0 0 0 0 0 0 0 
0 1 1 1 0 0 1 1 1 1 1 0 1 1 1 1 1 0 0 0 
0 1 1 1 0 0 0 0 0 0 0 0 0 0 0 0 0 0 0 0 
0 1 0 1 1 0 0 0 1 1 1 0 1 1 1 1 1 1 1 0 
0 1 0 1 1 0 0 0 0 0 0 0 0 0 0 0 0 0 0 0 
0 1 0 1 1 0 1 0 0 1 1 0 1 0 0 0 0 0 0 0 
0 1 0 1 1 0 1 0 1 0 1 0 1 1 1 1 1 0 0 0 
0 1 0 0 1 0 1 0 1 1 0 0 1 1 0 0 0 0 0 0 
0 1 0 0 0 0 0 0 0 0 0 0 0 0 0 0 0 0 0 0 
0 0 0 0 1 0 1 0 1 1 1 0 0 1 1 1 1 1 0 1 
0 0 0 0 1 0 1 0 0 1 1 0 1 0 1 1 1 1 0 0 
0 0 0 0 1 0 1 0 0 1 0 0 1 1 0 1 0 1 0 0 
0 0 0 0 1 0 1 0 0 1 0 0 1 1 1 0 0 1 0 0 
0 0 0 0 1 0 1 0 0 1 0 0 1 1 0 0 0 0 0 0 
0 0 0 0 0 0 1 0 0 0 0 0 1 1 1 1 0 0 0 0 
0 0 0 0 0 0 1 0 0 0 0 0 0 0 0 0 0 0 0 0 
0 0 0 0 0 0 0 0 0 0 0 0 1 0 0 0 0 0 0 0 
No.55It's not a hypereuler graph(All conditions are not met):
0 1 1 1 1 1 1 1 1 1 0 0 0 0 0 0 0 0 0 0 
1 0 1 0 0 1 0 1 1 1 1 1 1 1 1 1 1 0 0 0 
1 1 0 0 0 1 0 1 1 0 0 0 0 0 0 0 0 0 0 0 
1 0 0 0 0 0 0 0 0 0 0 0 0 0 0 0 0 0 0 0 
1 0 0 0 0 0 0 0 0 0 0 0 0 0 0 0 0 0 0 0 
1 1 1 0 0 0 0 1 1 1 0 1 1 1 1 0 1 0 0 0 
1 0 0 0 0 0 0 0 0 0 0 0 0 0 0 0 0 0 0 0 
1 1 1 0 0 1 0 0 1 0 0 0 0 0 0 0 0 0 0 0 
1 1 1 0 0 1 0 1 0 1 0 1 1 1 1 0 1 1 1 0 
1 1 0 0 0 1 0 0 1 0 0 1 1 1 0 0 0 0 0 0 
0 1 0 0 0 0 0 0 0 0 0 0 0 0 0 0 0 0 0 0 
0 1 0 0 0 1 0 0 1 1 0 0 1 1 0 0 1 1 1 0 
0 1 0 0 0 1 0 0 1 1 0 1 0 1 0 0 1 1 1 0 
0 1 0 0 0 1 0 0 1 1 0 1 1 0 0 0 1 0 0 0 
0 1 0 0 0 1 0 0 1 0 0 0 0 0 0 0 0 0 0 0 
0 1 0 0 0 0 0 0 0 0 0 0 0 0 0 0 0 0 0 0 
0 1 0 0 0 1 0 0 1 0 0 1 1 1 0 0 0 1 0 0 
0 0 0 0 0 0 0 0 1 0 0 1 1 0 0 0 1 0 0 1 
0 0 0 0 0 0 0 0 1 0 0 1 1 0 0 0 0 0 0 0 
0 0 0 0 0 0 0 0 0 0 0 0 0 0 0 0 0 1 0 0 
No.56It's not a hypereuler graph(All conditions are not met):
0 1 1 1 1 1 1 1 0 0 0 0 0 0 0 0 0 0 0 0 
1 0 1 0 1 1 1 1 1 1 1 1 1 1 1 0 0 0 0 0 
1 1 0 0 1 1 1 0 0 0 0 0 0 0 0 0 0 0 0 0 
1 0 0 0 0 0 0 0 0 0 0 0 0 0 0 0 0 0 0 0 
1 1 1 0 0 1 1 0 0 0 0 0 0 0 0 0 0 0 0 0 
1 1 1 0 1 0 1 1 1 0 0 0 0 0 0 0 0 0 0 0 
1 1 1 0 1 1 0 1 1 1 1 1 1 1 1 0 0 0 0 0 
1 1 0 0 0 1 1 0 1 1 1 0 0 0 0 0 0 0 0 0 
0 1 0 0 0 1 1 1 0 1 1 1 0 0 0 0 0 0 0 0 
0 1 0 0 0 0 1 1 1 0 1 1 1 1 1 1 1 1 1 0 
0 1 0 0 0 0 1 1 1 1 0 1 1 1 1 1 1 1 1 0 
0 1 0 0 0 0 1 0 1 1 1 0 1 1 1 1 1 1 0 0 
0 1 0 0 0 0 1 0 0 1 1 1 0 0 1 1 1 1 0 0 
0 1 0 0 0 0 1 0 0 1 1 1 0 0 0 0 0 0 0 0 
0 1 0 0 0 0 1 0 0 1 1 1 1 0 0 1 1 1 1 1 
0 0 0 0 0 0 0 0 0 1 1 1 1 0 1 0 1 1 1 1 
0 0 0 0 0 0 0 0 0 1 1 1 1 0 1 1 0 1 1 1 
0 0 0 0 0 0 0 0 0 1 1 1 1 0 1 1 1 0 1 1 
0 0 0 0 0 0 0 0 0 1 1 0 0 0 1 1 1 1 0 1 
0 0 0 0 0 0 0 0 0 0 0 0 0 0 1 1 1 1 1 0 
No.57It's not a hypereuler graph(All conditions are not met):
0 1 1 1 1 1 1 1 0 0 0 0 0 0 0 0 0 0 0 0 
1 0 1 1 1 0 1 1 1 1 1 1 1 1 1 0 0 0 0 0 
1 1 0 1 1 0 1 1 1 1 1 1 0 1 0 0 0 0 0 0 
1 1 1 0 1 0 1 0 1 1 0 0 0 0 0 0 0 0 0 0 
1 1 1 1 0 0 1 0 0 0 0 0 0 0 0 0 0 0 0 0 
1 0 0 0 0 0 0 0 0 0 0 0 0 0 0 0 0 0 0 0 
1 1 1 1 1 0 0 0 0 1 1 0 0 0 0 0 0 0 0 0 
1 1 1 0 0 0 0 0 0 0 0 0 0 0 0 0 0 0 0 0 
0 1 1 1 0 0 0 0 0 0 0 0 0 0 0 0 0 0 0 0 
0 1 1 1 0 0 1 0 0 0 1 1 0 1 1 1 0 0 0 0 
0 1 1 0 0 0 1 0 0 1 0 1 0 1 1 0 1 1 0 0 
0 1 1 0 0 0 0 0 0 1 1 0 0 1 1 0 1 0 0 0 
0 1 0 0 0 0 0 0 0 0 0 0 0 0 0 0 0 0 0 0 
0 1 1 0 0 0 0 0 0 1 1 1 0 0 1 0 1 1 1 0 
0 1 0 0 0 0 0 0 0 1 1 1 0 1 0 0 1 1 0 0 
0 0 0 0 0 0 0 0 0 1 0 0 0 0 0 0 0 0 0 0 
0 0 0 0 0 0 0 0 0 0 1 1 0 1 1 0 0 1 0 0 
0 0 0 0 0 0 0 0 0 0 1 0 0 1 1 0 1 0 0 1 
0 0 0 0 0 0 0 0 0 0 0 0 0 1 0 0 0 0 0 0 
0 0 0 0 0 0 0 0 0 0 0 0 0 0 0 0 0 1 0 0 
No.58It's not a hypereuler graph(All conditions are not met):
0 1 1 1 1 1 1 1 1 1 1 1 1 1 0 0 0 0 0 0 
1 0 1 1 1 1 0 0 0 0 0 0 0 0 0 0 0 0 0 0 
1 1 0 1 0 0 0 0 0 0 0 0 0 0 0 0 0 0 0 0 
1 1 1 0 1 1 1 1 1 0 1 1 1 1 1 0 0 0 0 0 
1 1 0 1 0 1 1 1 1 0 1 1 1 1 1 1 0 0 0 0 
1 1 0 1 1 0 1 1 1 0 0 0 0 0 0 0 0 0 0 0 
1 0 0 1 1 1 0 1 0 0 0 0 0 0 0 0 0 0 0 0 
1 0 0 1 1 1 1 0 1 0 1 1 1 1 1 0 0 0 0 0 
1 0 0 1 1 1 0 1 0 0 1 1 1 1 0 0 0 0 0 0 
1 0 0 0 0 0 0 0 0 0 0 0 0 0 0 0 0 0 0 0 
1 0 0 1 1 0 0 1 1 0 0 1 1 1 1 0 0 0 0 0 
1 0 0 1 1 0 0 1 1 0 1 0 1 1 1 0 1 1 1 1 
1 0 0 1 1 0 0 1 1 0 1 1 0 1 1 0 0 0 0 0 
1 0 0 1 1 0 0 1 1 0 1 1 1 0 1 0 1 1 1 1 
0 0 0 1 1 0 0 1 0 0 1 1 1 1 0 0 1 1 1 1 
0 0 0 0 1 0 0 0 0 0 0 0 0 0 0 0 0 0 0 0 
0 0 0 0 0 0 0 0 0 0 0 1 0 1 1 0 0 0 0 0 
0 0 0 0 0 0 0 0 0 0 0 1 0 1 1 0 0 0 1 1 
0 0 0 0 0 0 0 0 0 0 0 1 0 1 1 0 0 1 0 1 
0 0 0 0 0 0 0 0 0 0 0 1 0 1 1 0 0 1 1 0 
No.59It's not a hypereuler graph(All conditions are not met):
0 1 0 0 0 0 0 0 0 0 0 0 0 0 0 0 0 0 0 0 
1 0 1 1 1 1 1 1 0 0 0 0 0 0 0 0 0 0 0 0 
0 1 0 1 1 1 1 1 1 1 1 1 1 1 1 0 0 0 0 0 
0 1 1 0 1 1 1 1 1 0 0 0 0 0 0 0 0 0 0 0 
0 1 1 1 0 0 0 1 1 0 0 0 0 0 0 0 0 0 0 0 
0 1 1 1 0 0 0 0 0 0 0 0 0 0 0 0 0 0 0 0 
0 1 1 1 0 0 0 0 0 0 0 0 0 0 0 0 0 0 0 0 
0 1 1 1 1 0 0 0 1 1 1 1 0 1 1 1 1 1 0 0 
0 0 1 1 1 0 0 1 0 1 0 0 0 0 0 0 0 0 0 0 
0 0 1 0 0 0 0 1 1 0 1 1 0 1 1 1 1 1 1 0 
0 0 1 0 0 0 0 1 0 1 0 0 0 1 1 1 1 0 0 0 
0 0 1 0 0 0 0 1 0 1 0 0 0 0 0 0 0 0 0 0 
0 0 1 0 0 0 0 0 0 0 0 0 0 0 0 0 0 0 0 0 
0 0 1 0 0 0 0 1 0 1 1 0 0 0 1 0 1 1 0 0 
0 0 1 0 0 0 0 1 0 1 1 0 0 1 0 0 1 1 0 0 
0 0 0 0 0 0 0 1 0 1 1 0 0 0 0 0 0 0 0 0 
0 0 0 0 0 0 0 1 0 1 1 0 0 1 1 0 0 0 0 0 
0 0 0 0 0 0 0 1 0 1 0 0 0 1 1 0 0 0 0 1 
0 0 0 0 0 0 0 0 0 1 0 0 0 0 0 0 0 0 0 0 
0 0 0 0 0 0 0 0 0 0 0 0 0 0 0 0 0 1 0 0 
No.60It's not a hypereuler graph(All conditions are not met):
0 1 1 1 1 1 1 1 1 1 0 0 0 0 0 0 0 0 0 0 
1 0 0 1 1 1 1 0 1 1 0 0 0 0 0 0 0 0 0 0 
1 0 0 0 0 0 0 0 0 0 0 0 0 0 0 0 0 0 0 0 
1 1 0 0 1 1 1 0 0 0 0 0 0 0 0 0 0 0 0 0 
1 1 0 1 0 1 1 0 0 0 0 0 0 0 0 0 0 0 0 0 
1 1 0 1 1 0 1 0 1 1 1 1 1 1 1 1 0 0 0 0 
1 1 0 1 1 1 0 0 1 0 1 0 1 1 1 1 1 1 0 0 
1 0 0 0 0 0 0 0 0 0 0 0 0 0 0 0 0 0 0 0 
1 1 0 0 0 1 1 0 0 0 1 0 1 1 0 0 0 0 0 0 
1 1 0 0 0 1 0 0 0 0 0 0 0 0 0 0 0 0 0 0 
0 0 0 0 0 1 1 0 1 0 0 0 0 0 0 0 0 0 0 0 
0 0 0 0 0 1 0 0 0 0 0 0 0 0 0 0 0 0 0 0 
0 0 0 0 0 1 1 0 1 0 0 0 0 1 1 1 1 1 1 0 
0 0 0 0 0 1 1 0 1 0 0 0 1 0 0 1 1 1 0 0 
0 0 0 0 0 1 1 0 0 0 0 0 1 0 0 0 0 0 0 0 
0 0 0 0 0 1 1 0 0 0 0 0 1 1 0 0 0 0 0 1 
0 0 0 0 0 0 1 0 0 0 0 0 1 1 0 0 0 0 0 0 
0 0 0 0 0 0 1 0 0 0 0 0 1 1 0 0 0 0 0 0 
0 0 0 0 0 0 0 0 0 0 0 0 1 0 0 0 0 0 0 0 
0 0 0 0 0 0 0 0 0 0 0 0 0 0 0 1 0 0 0 0 
No.62It's not a hypereuler graph(All conditions are not met):
0 1 1 1 0 0 0 0 0 0 0 0 0 0 0 0 0 0 0 0 
1 0 0 0 0 0 0 0 0 0 0 0 0 0 0 0 0 0 0 0 
1 0 0 1 1 1 1 0 0 0 0 0 0 0 0 0 0 0 0 0 
1 0 1 0 0 1 0 0 0 0 0 0 0 0 0 0 0 0 0 0 
0 0 1 0 0 0 0 0 0 0 0 0 0 0 0 0 0 0 0 0 
0 0 1 1 0 0 1 1 1 1 1 0 0 0 0 0 0 0 0 0 
0 0 1 0 0 1 0 1 1 1 1 1 1 1 0 0 0 0 0 0 
0 0 0 0 0 1 1 0 1 1 1 0 0 0 0 0 0 0 0 0 
0 0 0 0 0 1 1 1 0 0 1 1 1 1 0 0 0 0 0 0 
0 0 0 0 0 1 1 1 0 0 0 0 0 0 0 0 0 0 0 0 
0 0 0 0 0 1 1 1 1 0 0 1 1 1 1 1 1 1 0 0 
0 0 0 0 0 0 1 0 1 0 1 0 0 0 0 0 0 0 0 0 
0 0 0 0 0 0 1 0 1 0 1 0 0 0 1 1 1 1 0 0 
0 0 0 0 0 0 1 0 1 0 1 0 0 0 0 0 0 0 0 0 
0 0 0 0 0 0 0 0 0 0 1 0 1 0 0 1 1 1 0 0 
0 0 0 0 0 0 0 0 0 0 1 0 1 0 1 0 0 0 0 0 
0 0 0 0 0 0 0 0 0 0 1 0 1 0 1 0 0 0 1 1 
0 0 0 0 0 0 0 0 0 0 1 0 1 0 1 0 0 0 0 0 
0 0 0 0 0 0 0 0 0 0 0 0 0 0 0 0 1 0 0 0 
0 0 0 0 0 0 0 0 0 0 0 0 0 0 0 0 1 0 0 0 
No.63It's not a hypereuler graph(All conditions are not met):
0 1 1 1 1 1 1 1 1 1 1 1 1 1 0 0 0 0 0 0 
1 0 1 1 0 0 0 1 1 1 1 1 1 1 1 1 1 0 0 0 
1 1 0 1 0 0 0 1 1 1 1 1 1 0 0 0 0 0 0 0 
1 1 1 0 0 0 0 0 0 0 0 0 0 0 0 0 0 0 0 0 
1 0 0 0 0 0 0 0 0 0 0 0 0 0 0 0 0 0 0 0 
1 0 0 0 0 0 0 0 0 0 0 0 0 0 0 0 0 0 0 0 
1 0 0 0 0 0 0 0 0 0 0 0 0 0 0 0 0 0 0 0 
1 1 1 0 0 0 0 0 1 1 0 0 0 0 0 0 0 0 0 0 
1 1 1 0 0 0 0 1 0 1 1 0 1 1 1 0 0 0 0 0 
1 1 1 0 0 0 0 1 1 0 1 0 1 0 1 1 0 0 0 0 
1 1 1 0 0 0 0 0 1 1 0 0 0 0 1 1 1 1 0 0 
1 1 1 0 0 0 0 0 0 0 0 0 0 0 0 0 0 0 0 0 
1 1 1 0 0 0 0 0 1 1 0 0 0 0 0 0 0 0 0 0 
1 1 0 0 0 0 0 0 1 0 0 0 0 0 0 0 0 0 0 0 
0 1 0 0 0 0 0 0 1 1 1 0 0 0 0 0 1 0 1 1 
0 1 0 0 0 0 0 0 0 1 1 0 0 0 0 0 0 0 0 0 
0 1 0 0 0 0 0 0 0 0 1 0 0 0 1 0 0 0 1 1 
0 0 0 0 0 0 0 0 0 0 1 0 0 0 0 0 0 0 0 0 
0 0 0 0 0 0 0 0 0 0 0 0 0 0 1 0 1 0 0 1 
0 0 0 0 0 0 0 0 0 0 0 0 0 0 1 0 1 0 1 0 
No.64It's not a hypereuler graph(All conditions are not met):
0 1 1 1 0 0 0 0 0 0 0 0 0 0 0 0 0 0 0 0 
1 0 1 1 1 1 1 1 1 1 1 1 0 0 0 0 0 0 0 0 
1 1 0 1 0 1 1 1 1 1 1 1 1 1 1 0 0 0 0 0 
1 1 1 0 0 1 1 1 1 0 0 0 0 0 0 0 0 0 0 0 
0 1 0 0 0 0 0 0 0 0 0 0 0 0 0 0 0 0 0 0 
0 1 1 1 0 0 1 1 1 1 1 1 1 1 1 1 0 0 0 0 
0 1 1 1 0 1 0 1 1 1 1 1 1 1 0 0 0 0 0 0 
0 1 1 1 0 1 1 0 0 0 0 0 0 0 0 0 0 0 0 0 
0 1 1 1 0 1 1 0 0 1 1 0 0 0 0 0 0 0 0 0 
0 1 1 0 0 1 1 0 1 0 1 1 1 0 1 0 1 1 1 1 
0 1 1 0 0 1 1 0 1 1 0 1 1 0 1 0 1 1 1 1 
0 1 1 0 0 1 1 0 0 1 1 0 1 0 0 0 0 0 0 0 
0 0 1 0 0 1 1 0 0 1 1 1 0 0 1 0 1 1 0 0 
0 0 1 0 0 1 1 0 0 0 0 0 0 0 0 0 0 0 0 0 
0 0 1 0 0 1 0 0 0 1 1 0 1 0 0 0 1 1 0 0 
0 0 0 0 0 1 0 0 0 0 0 0 0 0 0 0 0 0 0 0 
0 0 0 0 0 0 0 0 0 1 1 0 1 0 1 0 0 1 1 1 
0 0 0 0 0 0 0 0 0 1 1 0 1 0 1 0 1 0 1 1 
0 0 0 0 0 0 0 0 0 1 1 0 0 0 0 0 1 1 0 1 
0 0 0 0 0 0 0 0 0 1 1 0 0 0 0 0 1 1 1 0 
No.65It's not a hypereuler graph(All conditions are not met):
0 1 1 1 1 1 1 1 1 1 1 1 0 0 0 0 0 0 0 0 
1 0 1 1 0 1 1 1 1 1 1 1 1 1 1 0 0 0 0 0 
1 1 0 1 0 1 1 0 0 0 0 0 0 0 0 0 0 0 0 0 
1 1 1 0 0 1 1 0 0 0 0 0 0 0 0 0 0 0 0 0 
1 0 0 0 0 0 0 0 0 0 0 0 0 0 0 0 0 0 0 0 
1 1 1 1 0 0 1 0 0 0 0 0 0 0 0 0 0 0 0 0 
1 1 1 1 0 1 0 0 0 0 0 0 0 0 0 0 0 0 0 0 
1 1 0 0 0 0 0 0 1 0 0 0 0 0 0 0 0 0 0 0 
1 1 0 0 0 0 0 1 0 1 1 1 1 1 0 1 1 1 0 0 
1 1 0 0 0 0 0 0 1 0 1 1 1 1 0 0 0 0 0 0 
1 1 0 0 0 0 0 0 1 1 0 1 0 1 0 1 1 1 1 1 
1 1 0 0 0 0 0 0 1 1 1 0 0 1 0 1 1 1 0 0 
0 1 0 0 0 0 0 0 1 1 0 0 0 0 0 0 0 0 0 0 
0 1 0 0 0 0 0 0 1 1 1 1 0 0 0 1 1 1 1 0 
0 1 0 0 0 0 0 0 0 0 0 0 0 0 0 0 0 0 0 0 
0 0 0 0 0 0 0 0 1 0 1 1 0 1 0 0 1 0 0 0 
0 0 0 0 0 0 0 0 1 0 1 1 0 1 0 1 0 1 1 0 
0 0 0 0 0 0 0 0 1 0 1 1 0 1 0 0 1 0 0 0 
0 0 0 0 0 0 0 0 0 0 1 0 0 1 0 0 1 0 0 0 
0 0 0 0 0 0 0 0 0 0 1 0 0 0 0 0 0 0 0 0 
No.66It's not a hypereuler graph(All conditions are not met):
0 1 1 1 1 1 1 1 1 1 1 1 0 0 0 0 0 0 0 0 
1 0 1 1 1 1 1 0 1 1 1 1 1 1 1 0 0 0 0 0 
1 1 0 1 1 1 0 0 0 0 0 0 0 0 0 0 0 0 0 0 
1 1 1 0 1 1 1 0 1 0 0 0 0 0 0 0 0 0 0 0 
1 1 1 1 0 1 0 0 0 0 0 0 0 0 0 0 0 0 0 0 
1 1 1 1 1 0 0 0 0 0 0 0 0 0 0 0 0 0 0 0 
1 1 0 1 0 0 0 0 1 1 0 0 0 0 0 0 0 0 0 0 
1 0 0 0 0 0 0 0 0 0 0 0 0 0 0 0 0 0 0 0 
1 1 0 1 0 0 1 0 0 0 1 0 0 0 0 0 0 0 0 0 
1 1 0 0 0 0 1 0 0 0 0 0 0 0 0 0 0 0 0 0 
1 1 0 0 0 0 0 0 1 0 0 1 1 1 1 0 0 0 0 0 
1 1 0 0 0 0 0 0 0 0 1 0 1 1 1 1 1 1 0 0 
0 1 0 0 0 0 0 0 0 0 1 1 0 1 0 1 0 0 0 0 
0 1 0 0 0 0 0 0 0 0 1 1 1 0 0 1 0 0 0 0 
0 1 0 0 0 0 0 0 0 0 1 1 0 0 0 0 0 0 0 0 
0 0 0 0 0 0 0 0 0 0 0 1 1 1 0 0 1 0 1 0 
0 0 0 0 0 0 0 0 0 0 0 1 0 0 0 1 0 0 1 0 
0 0 0 0 0 0 0 0 0 0 0 1 0 0 0 0 0 0 0 0 
0 0 0 0 0 0 0 0 0 0 0 0 0 0 0 1 1 0 0 1 
0 0 0 0 0 0 0 0 0 0 0 0 0 0 0 0 0 0 1 0 
No.67It's not a hypereuler graph(All conditions are not met):
0 1 1 1 1 1 1 1 0 0 0 0 0 0 0 0 0 0 0 0 
1 0 1 1 1 1 0 0 0 0 0 0 0 0 0 0 0 0 0 0 
1 1 0 1 0 0 0 0 0 0 0 0 0 0 0 0 0 0 0 0 
1 1 1 0 1 1 1 1 1 1 1 1 1 1 0 0 0 0 0 0 
1 1 0 1 0 1 1 0 0 0 0 0 0 0 0 0 0 0 0 0 
1 1 0 1 1 0 1 1 0 1 1 1 1 1 0 0 0 0 0 0 
1 0 0 1 1 1 0 1 0 1 1 1 1 1 1 0 0 0 0 0 
1 0 0 1 0 1 1 0 0 1 1 1 1 1 0 0 0 0 0 0 
0 0 0 1 0 0 0 0 0 0 0 0 0 0 0 0 0 0 0 0 
0 0 0 1 0 1 1 1 0 0 1 1 1 1 1 1 1 1 1 0 
0 0 0 1 0 1 1 1 0 1 0 1 1 1 1 1 0 1 0 0 
0 0 0 1 0 1 1 1 0 1 1 0 1 1 1 0 0 0 0 0 
0 0 0 1 0 1 1 1 0 1 1 1 0 1 1 1 0 1 1 1 
0 0 0 1 0 1 1 1 0 1 1 1 1 0 1 1 0 1 1 1 
0 0 0 0 0 0 1 0 0 1 1 1 1 1 0 1 0 0 0 0 
0 0 0 0 0 0 0 0 0 1 1 0 1 1 1 0 0 1 1 0 
0 0 0 0 0 0 0 0 0 1 0 0 0 0 0 0 0 0 0 0 
0 0 0 0 0 0 0 0 0 1 1 0 1 1 0 1 0 0 1 1 
0 0 0 0 0 0 0 0 0 1 0 0 1 1 0 1 0 1 0 0 
0 0 0 0 0 0 0 0 0 0 0 0 1 1 0 0 0 1 0 0 
No.68It's not a hypereuler graph(All conditions are not met):
0 1 1 1 1 1 1 1 1 1 0 0 0 0 0 0 0 0 0 0 
1 0 1 1 1 1 1 1 1 1 1 1 0 0 0 0 0 0 0 0 
1 1 0 1 1 1 1 1 1 1 0 1 1 1 1 0 0 0 0 0 
1 1 1 0 1 1 0 0 0 0 0 0 0 0 0 0 0 0 0 0 
1 1 1 1 0 1 0 0 0 0 0 0 0 0 0 0 0 0 0 0 
1 1 1 1 1 0 0 0 1 0 0 1 0 0 0 0 0 0 0 0 
1 1 1 0 0 0 0 0 0 0 0 0 0 0 0 0 0 0 0 0 
1 1 1 0 0 0 0 0 0 0 0 0 0 0 0 0 0 0 0 0 
1 1 1 0 0 1 0 0 0 0 0 1 1 1 1 1 0 0 0 0 
1 1 1 0 0 0 0 0 0 0 0 0 0 0 0 0 0 0 0 0 
0 1 0 0 0 0 0 0 0 0 0 0 0 0 0 0 0 0 0 0 
0 1 1 0 0 1 0 0 1 0 0 0 1 0 0 0 0 0 0 0 
0 0 1 0 0 0 0 0 1 0 0 1 0 1 1 1 1 1 1 0 
0 0 1 0 0 0 0 0 1 0 0 0 1 0 0 1 1 0 0 0 
0 0 1 0 0 0 0 0 1 0 0 0 1 0 0 0 0 0 0 0 
0 0 0 0 0 0 0 0 1 0 0 0 1 1 0 0 1 1 1 1 
0 0 0 0 0 0 0 0 0 0 0 0 1 1 0 1 0 0 0 0 
0 0 0 0 0 0 0 0 0 0 0 0 1 0 0 1 0 0 1 0 
0 0 0 0 0 0 0 0 0 0 0 0 1 0 0 1 0 1 0 0 
0 0 0 0 0 0 0 0 0 0 0 0 0 0 0 1 0 0 0 0 
No.69It's not a hypereuler graph(All conditions are not met):
0 1 1 1 1 1 0 0 0 0 0 0 0 0 0 0 0 0 0 0 
1 0 1 1 1 1 0 0 0 0 0 0 0 0 0 0 0 0 0 0 
1 1 0 1 1 1 1 1 1 1 1 1 1 1 0 0 0 0 0 0 
1 1 1 0 1 1 0 0 0 0 0 0 0 0 0 0 0 0 0 0 
1 1 1 1 0 1 1 1 0 1 1 1 1 0 0 0 0 0 0 0 
1 1 1 1 1 0 1 1 0 1 1 0 0 0 0 0 0 0 0 0 
0 0 1 0 1 1 0 0 0 0 0 0 0 0 0 0 0 0 0 0 
0 0 1 0 1 1 0 0 0 0 0 0 0 0 0 0 0 0 0 0 
0 0 1 0 0 0 0 0 0 0 0 0 0 0 0 0 0 0 0 0 
0 0 1 0 1 1 0 0 0 0 1 1 1 1 0 0 0 0 0 0 
0 0 1 0 1 1 0 0 0 1 0 1 1 1 0 0 0 0 0 0 
0 0 1 0 1 0 0 0 0 1 1 0 1 1 1 1 1 0 0 0 
0 0 1 0 1 0 0 0 0 1 1 1 0 0 0 0 0 0 0 0 
0 0 1 0 0 0 0 0 0 1 1 1 0 0 1 1 1 1 1 0 
0 0 0 0 0 0 0 0 0 0 0 1 0 1 0 1 1 1 0 0 
0 0 0 0 0 0 0 0 0 0 0 1 0 1 1 0 0 0 0 0 
0 0 0 0 0 0 0 0 0 0 0 1 0 1 1 0 0 1 0 1 
0 0 0 0 0 0 0 0 0 0 0 0 0 1 1 0 1 0 0 0 
0 0 0 0 0 0 0 0 0 0 0 0 0 1 0 0 0 0 0 0 
0 0 0 0 0 0 0 0 0 0 0 0 0 0 0 0 1 0 0 0 
No.70It's not a hypereuler graph(All conditions are not met):
0 1 1 1 1 1 1 1 1 1 0 0 0 0 0 0 0 0 0 0 
1 0 0 0 0 0 0 0 0 0 0 0 0 0 0 0 0 0 0 0 
1 0 0 1 0 1 1 1 1 1 1 1 0 0 0 0 0 0 0 0 
1 0 1 0 0 1 1 1 1 1 0 1 1 1 1 0 0 0 0 0 
1 0 0 0 0 0 0 0 0 0 0 0 0 0 0 0 0 0 0 0 
1 0 1 1 0 0 1 0 1 1 0 1 0 1 1 1 1 1 1 0 
1 0 1 1 0 1 0 0 1 1 0 1 0 1 1 1 1 1 1 0 
1 0 1 1 0 0 0 0 0 0 0 0 0 0 0 0 0 0 0 0 
1 0 1 1 0 1 1 0 0 1 0 1 0 1 1 0 0 0 0 0 
1 0 1 1 0 1 1 0 1 0 0 0 0 1 1 1 1 1 0 0 
0 0 1 0 0 0 0 0 0 0 0 0 0 0 0 0 0 0 0 0 
0 0 1 1 0 1 1 0 1 0 0 0 0 0 0 0 0 0 0 0 
0 0 0 1 0 0 0 0 0 0 0 0 0 0 0 0 0 0 0 0 
0 0 0 1 0 1 1 0 1 1 0 0 0 0 1 1 1 1 0 0 
0 0 0 1 0 1 1 0 1 1 0 0 0 1 0 1 1 1 0 0 
0 0 0 0 0 1 1 0 0 1 0 0 0 1 1 0 1 1 0 0 
0 0 0 0 0 1 1 0 0 1 0 0 0 1 1 1 0 1 1 1 
0 0 0 0 0 1 1 0 0 1 0 0 0 1 1 1 1 0 0 0 
0 0 0 0 0 1 1 0 0 0 0 0 0 0 0 0 1 0 0 0 
0 0 0 0 0 0 0 0 0 0 0 0 0 0 0 0 1 0 0 0 
No.71It's not a hypereuler graph(All conditions are not met):
0 1 1 1 1 1 1 1 0 0 0 0 0 0 0 0 0 0 0 0 
1 0 1 1 1 1 1 1 1 1 1 1 0 0 0 0 0 0 0 0 
1 1 0 1 1 1 1 1 1 1 1 1 1 1 0 0 0 0 0 0 
1 1 1 0 0 0 0 0 0 0 0 0 0 0 0 0 0 0 0 0 
1 1 1 0 0 1 0 1 1 1 1 1 1 1 0 0 0 0 0 0 
1 1 1 0 1 0 0 1 1 1 0 1 1 1 1 1 1 0 0 0 
1 1 1 0 0 0 0 0 0 0 0 0 0 0 0 0 0 0 0 0 
1 1 1 0 1 1 0 0 1 1 0 1 1 1 1 0 0 0 0 0 
0 1 1 0 1 1 0 1 0 0 0 0 0 0 0 0 0 0 0 0 
0 1 1 0 1 1 0 1 0 0 0 0 0 0 0 0 0 0 0 0 
0 1 1 0 1 0 0 0 0 0 0 0 0 0 0 0 0 0 0 0 
0 1 1 0 1 1 0 1 0 0 0 0 1 1 0 0 0 0 0 0 
0 0 1 0 1 1 0 1 0 0 0 1 0 1 1 0 1 1 1 1 
0 0 1 0 1 1 0 1 0 0 0 1 1 0 1 0 1 1 1 1 
0 0 0 0 0 1 0 1 0 0 0 0 1 1 0 0 0 1 1 1 
0 0 0 0 0 1 0 0 0 0 0 0 0 0 0 0 0 0 0 0 
0 0 0 0 0 1 0 0 0 0 0 0 1 1 0 0 0 0 0 0 
0 0 0 0 0 0 0 0 0 0 0 0 1 1 1 0 0 0 1 1 
0 0 0 0 0 0 0 0 0 0 0 0 1 1 1 0 0 1 0 1 
0 0 0 0 0 0 0 0 0 0 0 0 1 1 1 0 0 1 1 0 
No.72It's not a hypereuler graph(All conditions are not met):
0 1 1 1 0 0 0 0 0 0 0 0 0 0 0 0 0 0 0 0 
1 0 1 1 0 0 0 0 0 0 0 0 0 0 0 0 0 0 0 0 
1 1 0 1 1 1 1 1 1 1 1 1 0 0 0 0 0 0 0 0 
1 1 1 0 1 1 1 1 1 1 0 0 0 0 0 0 0 0 0 0 
0 0 1 1 0 1 1 1 1 1 0 0 0 0 0 0 0 0 0 0 
0 0 1 1 1 0 0 0 0 0 0 0 0 0 0 0 0 0 0 0 
0 0 1 1 1 0 0 1 1 1 1 0 0 0 0 0 0 0 0 0 
0 0 1 1 1 0 1 0 1 0 0 0 0 0 0 0 0 0 0 0 
0 0 1 1 1 0 1 1 0 1 1 1 1 1 1 0 0 0 0 0 
0 0 1 1 1 0 1 0 1 0 1 1 1 1 0 0 0 0 0 0 
0 0 1 0 0 0 1 0 1 1 0 1 1 1 1 1 1 1 0 0 
0 0 1 0 0 0 0 0 1 1 1 0 1 1 1 0 0 0 0 0 
0 0 0 0 0 0 0 0 1 1 1 1 0 1 0 0 0 0 0 0 
0 0 0 0 0 0 0 0 1 1 1 1 1 0 0 1 1 0 1 1 
0 0 0 0 0 0 0 0 1 0 1 1 0 0 0 0 0 0 0 0 
0 0 0 0 0 0 0 0 0 0 1 0 0 1 0 0 1 0 1 1 
0 0 0 0 0 0 0 0 0 0 1 0 0 1 0 1 0 0 0 0 
0 0 0 0 0 0 0 0 0 0 1 0 0 0 0 0 0 0 0 0 
0 0 0 0 0 0 0 0 0 0 0 0 0 1 0 1 0 0 0 1 
0 0 0 0 0 0 0 0 0 0 0 0 0 1 0 1 0 0 1 0 
No.73It's not a hypereuler graph(All conditions are not met):
0 1 1 1 1 1 1 1 1 1 1 1 1 1 0 0 0 0 0 0 
1 0 1 1 1 0 1 0 0 0 0 0 0 0 0 0 0 0 0 0 
1 1 0 1 0 0 0 0 0 0 0 0 0 0 0 0 0 0 0 0 
1 1 1 0 1 0 1 1 0 1 1 0 1 1 1 1 1 0 0 0 
1 1 0 1 0 0 0 0 0 0 0 0 0 0 0 0 0 0 0 0 
1 0 0 0 0 0 0 0 0 0 0 0 0 0 0 0 0 0 0 0 
1 1 0 1 0 0 0 0 0 0 0 0 0 0 0 0 0 0 0 0 
1 0 0 1 0 0 0 0 0 1 0 0 0 0 0 0 0 0 0 0 
1 0 0 0 0 0 0 0 0 0 0 0 0 0 0 0 0 0 0 0 
1 0 0 1 0 0 0 1 0 0 1 0 1 1 0 1 0 0 0 0 
1 0 0 1 0 0 0 0 0 1 0 0 0 0 0 0 0 0 0 0 
1 0 0 0 0 0 0 0 0 0 0 0 0 0 0 0 0 0 0 0 
1 0 0 1 0 0 0 0 0 1 0 0 0 1 0 1 1 1 0 0 
1 0 0 1 0 0 0 0 0 1 0 0 1 0 0 1 1 1 0 0 
0 0 0 1 0 0 0 0 0 0 0 0 0 0 0 0 0 0 0 0 
0 0 0 1 0 0 0 0 0 1 0 0 1 1 0 0 0 1 1 1 
0 0 0 1 0 0 0 0 0 0 0 0 1 1 0 0 0 0 0 0 
0 0 0 0 0 0 0 0 0 0 0 0 1 1 0 1 0 0 1 1 
0 0 0 0 0 0 0 0 0 0 0 0 0 0 0 1 0 1 0 1 
0 0 0 0 0 0 0 0 0 0 0 0 0 0 0 1 0 1 1 0 
No.74It's not a hypereuler graph(All conditions are not met):
0 1 1 1 0 0 0 0 0 0 0 0 0 0 0 0 0 0 0 0 
1 0 1 0 1 1 1 0 0 0 0 0 0 0 0 0 0 0 0 0 
1 1 0 0 1 1 1 1 1 0 0 0 0 0 0 0 0 0 0 0 
1 0 0 0 0 0 0 0 0 0 0 0 0 0 0 0 0 0 0 0 
0 1 1 0 0 1 1 1 1 1 1 1 1 1 0 0 0 0 0 0 
0 1 1 0 1 0 0 1 1 1 1 1 1 1 1 1 1 0 0 0 
0 1 1 0 1 0 0 0 0 0 0 0 0 0 0 0 0 0 0 0 
0 0 1 0 1 1 0 0 1 1 1 1 1 1 0 0 0 0 0 0 
0 0 1 0 1 1 0 1 0 0 1 1 1 1 1 1 1 1 1 0 
0 0 0 0 1 1 0 1 0 0 0 0 0 0 0 0 0 0 0 0 
0 0 0 0 1 1 0 1 1 0 0 1 1 1 1 1 1 1 1 1 
0 0 0 0 1 1 0 1 1 0 1 0 1 1 0 0 0 0 0 0 
0 0 0 0 1 1 0 1 1 0 1 1 0 1 0 1 0 1 1 1 
0 0 0 0 1 1 0 1 1 0 1 1 1 0 0 1 0 1 1 1 
0 0 0 0 0 1 0 0 1 0 1 0 0 0 0 0 0 0 0 0 
0 0 0 0 0 1 0 0 1 0 1 0 1 1 0 0 0 0 0 0 
0 0 0 0 0 1 0 0 1 0 1 0 0 0 0 0 0 0 0 0 
0 0 0 0 0 0 0 0 1 0 1 0 1 1 0 0 0 0 1 0 
0 0 0 0 0 0 0 0 1 0 1 0 1 1 0 0 0 1 0 0 
0 0 0 0 0 0 0 0 0 0 1 0 1 1 0 0 0 0 0 0 
No.75It's not a hypereuler graph(All conditions are not met):
0 1 1 1 0 0 0 0 0 0 0 0 0 0 0 0 0 0 0 0 
1 0 1 1 1 1 1 1 1 1 1 1 0 0 0 0 0 0 0 0 
1 1 0 1 1 1 1 1 0 1 1 0 1 1 1 1 0 0 0 0 
1 1 1 0 1 1 1 1 0 1 1 0 1 1 0 0 0 0 0 0 
0 1 1 1 0 1 1 1 0 1 0 0 0 0 0 0 0 0 0 0 
0 1 1 1 1 0 1 0 0 0 0 0 0 0 0 0 0 0 0 0 
0 1 1 1 1 1 0 1 0 1 1 0 1 1 1 0 0 0 0 0 
0 1 1 1 1 0 1 0 0 1 1 0 0 0 0 0 0 0 0 0 
0 1 0 0 0 0 0 0 0 0 0 0 0 0 0 0 0 0 0 0 
0 1 1 1 1 0 1 1 0 0 1 0 1 1 1 0 1 1 1 0 
0 1 1 1 0 0 1 1 0 1 0 0 1 1 1 0 1 0 0 1 
0 1 0 0 0 0 0 0 0 0 0 0 0 0 0 0 0 0 0 0 
0 0 1 1 0 0 1 0 0 1 1 0 0 1 1 0 0 0 0 0 
0 0 1 1 0 0 1 0 0 1 1 0 1 0 0 0 1 0 0 0 
0 0 1 0 0 0 1 0 0 1 1 0 1 0 0 0 0 0 0 0 
0 0 1 0 0 0 0 0 0 0 0 0 0 0 0 0 0 0 0 0 
0 0 0 0 0 0 0 0 0 1 1 0 0 1 0 0 0 0 0 0 
0 0 0 0 0 0 0 0 0 1 0 0 0 0 0 0 0 0 0 0 
0 0 0 0 0 0 0 0 0 1 0 0 0 0 0 0 0 0 0 0 
0 0 0 0 0 0 0 0 0 0 1 0 0 0 0 0 0 0 0 0 
No.76It's not a hypereuler graph(All conditions are not met):
0 1 1 1 1 1 1 1 1 1 1 1 0 0 0 0 0 0 0 0 
1 0 0 1 1 0 0 0 0 0 0 0 0 0 0 0 0 0 0 0 
1 0 0 0 0 0 0 0 0 0 0 0 0 0 0 0 0 0 0 0 
1 1 0 0 1 1 0 0 1 1 1 1 1 1 1 0 0 0 0 0 
1 1 0 1 0 1 0 0 1 0 0 0 0 0 0 0 0 0 0 0 
1 0 0 1 1 0 0 0 1 1 1 1 0 0 0 0 0 0 0 0 
1 0 0 0 0 0 0 0 0 0 0 0 0 0 0 0 0 0 0 0 
1 0 0 0 0 0 0 0 0 0 0 0 0 0 0 0 0 0 0 0 
1 0 0 1 1 1 0 0 0 1 1 1 0 1 1 1 1 1 1 0 
1 0 0 1 0 1 0 0 1 0 1 1 0 1 1 1 0 0 0 0 
1 0 0 1 0 1 0 0 1 1 0 1 0 1 0 0 0 0 0 0 
1 0 0 1 0 1 0 0 1 1 1 0 0 1 1 1 0 1 1 0 
0 0 0 1 0 0 0 0 0 0 0 0 0 0 0 0 0 0 0 0 
0 0 0 1 0 0 0 0 1 1 1 1 0 0 1 0 0 1 0 0 
0 0 0 1 0 0 0 0 1 1 0 1 0 1 0 0 0 1 1 0 
0 0 0 0 0 0 0 0 1 1 0 1 0 0 0 0 0 0 0 0 
0 0 0 0 0 0 0 0 1 0 0 0 0 0 0 0 0 0 0 0 
0 0 0 0 0 0 0 0 1 0 0 1 0 1 1 0 0 0 0 1 
0 0 0 0 0 0 0 0 1 0 0 1 0 0 1 0 0 0 0 0 
0 0 0 0 0 0 0 0 0 0 0 0 0 0 0 0 0 1 0 0 
No.77It's not a hypereuler graph(All conditions are not met):
0 1 1 1 0 0 0 0 0 0 0 0 0 0 0 0 0 0 0 0 
1 0 1 1 1 1 1 1 1 1 1 1 1 1 0 0 0 0 0 0 
1 1 0 1 0 0 0 0 0 0 0 0 0 0 0 0 0 0 0 0 
1 1 1 0 0 1 1 1 0 1 1 1 1 1 1 1 0 0 0 0 
0 1 0 0 0 0 0 0 0 0 0 0 0 0 0 0 0 0 0 0 
0 1 0 1 0 0 1 1 0 1 1 1 1 1 0 0 0 0 0 0 
0 1 0 1 0 1 0 0 0 0 0 0 0 0 0 0 0 0 0 0 
0 1 0 1 0 1 0 0 0 1 1 1 1 0 0 0 0 0 0 0 
0 1 0 0 0 0 0 0 0 0 0 0 0 0 0 0 0 0 0 0 
0 1 0 1 0 1 0 1 0 0 1 0 0 0 0 0 0 0 0 0 
0 1 0 1 0 1 0 1 0 1 0 1 1 1 0 1 0 0 0 0 
0 1 0 1 0 1 0 1 0 0 1 0 1 1 0 0 0 0 0 0 
0 1 0 1 0 1 0 1 0 0 1 1 0 1 0 0 0 0 0 0 
0 1 0 1 0 1 0 0 0 0 1 1 1 0 0 1 0 0 0 0 
0 0 0 1 0 0 0 0 0 0 0 0 0 0 0 0 0 0 0 0 
0 0 0 1 0 0 0 0 0 0 1 0 0 1 0 0 1 1 0 0 
0 0 0 0 0 0 0 0 0 0 0 0 0 0 0 1 0 1 1 0 
0 0 0 0 0 0 0 0 0 0 0 0 0 0 0 1 1 0 0 1 
0 0 0 0 0 0 0 0 0 0 0 0 0 0 0 0 1 0 0 0 
0 0 0 0 0 0 0 0 0 0 0 0 0 0 0 0 0 1 0 0 
No.78It's not a hypereuler graph(All conditions are not met):
0 1 1 1 1 1 1 1 1 1 0 0 0 0 0 0 0 0 0 0 
1 0 1 1 1 1 0 0 0 0 0 0 0 0 0 0 0 0 0 0 
1 1 0 1 1 1 0 0 0 0 0 0 0 0 0 0 0 0 0 0 
1 1 1 0 0 0 0 0 0 0 0 0 0 0 0 0 0 0 0 0 
1 1 1 0 0 1 1 1 0 1 1 1 1 1 0 0 0 0 0 0 
1 1 1 0 1 0 1 0 0 0 0 0 0 0 0 0 0 0 0 0 
1 0 0 0 1 1 0 0 0 0 0 0 0 0 0 0 0 0 0 0 
1 0 0 0 1 0 0 0 0 1 1 1 1 0 1 1 1 1 1 0 
1 0 0 0 0 0 0 0 0 0 0 0 0 0 0 0 0 0 0 0 
1 0 0 0 1 0 0 1 0 0 1 1 1 0 1 1 1 1 1 0 
0 0 0 0 1 0 0 1 0 1 0 1 1 0 1 1 0 0 0 0 
0 0 0 0 1 0 0 1 0 1 1 0 1 0 1 1 0 0 0 0 
0 0 0 0 1 0 0 1 0 1 1 1 0 0 1 1 0 0 0 0 
0 0 0 0 1 0 0 0 0 0 0 0 0 0 0 0 0 0 0 0 
0 0 0 0 0 0 0 1 0 1 1 1 1 0 0 1 1 0 0 0 
0 0 0 0 0 0 0 1 0 1 1 1 1 0 1 0 1 0 0 0 
0 0 0 0 0 0 0 1 0 1 0 0 0 0 1 1 0 1 1 1 
0 0 0 0 0 0 0 1 0 1 0 0 0 0 0 0 1 0 1 1 
0 0 0 0 0 0 0 1 0 1 0 0 0 0 0 0 1 1 0 1 
0 0 0 0 0 0 0 0 0 0 0 0 0 0 0 0 1 1 1 0 
No.79It's not a hypereuler graph(All conditions are not met):
0 1 1 1 1 1 1 1 1 1 1 1 0 0 0 0 0 0 0 0 
1 0 1 1 0 1 1 1 1 1 1 1 1 0 0 0 0 0 0 0 
1 1 0 1 0 1 1 0 0 0 0 0 0 0 0 0 0 0 0 0 
1 1 1 0 0 1 1 1 1 1 1 0 0 0 0 0 0 0 0 0 
1 0 0 0 0 0 0 0 0 0 0 0 0 0 0 0 0 0 0 0 
1 1 1 1 0 0 1 1 1 1 1 0 0 0 0 0 0 0 0 0 
1 1 1 1 0 1 0 0 0 0 0 0 0 0 0 0 0 0 0 0 
1 1 0 1 0 1 0 0 1 1 1 1 1 0 0 0 0 0 0 0 
1 1 0 1 0 1 0 1 0 1 0 1 1 1 1 1 0 0 0 0 
1 1 0 1 0 1 0 1 1 0 0 1 1 1 1 1 0 0 0 0 
1 1 0 1 0 1 0 1 0 0 0 0 0 0 0 0 0 0 0 0 
1 1 0 0 0 0 0 1 1 1 0 0 1 1 1 1 0 0 0 0 
0 1 0 0 0 0 0 1 1 1 0 1 0 0 0 0 0 0 0 0 
0 0 0 0 0 0 0 0 1 1 0 1 0 0 1 1 0 0 0 0 
0 0 0 0 0 0 0 0 1 1 0 1 0 1 0 1 1 1 1 1 
0 0 0 0 0 0 0 0 1 1 0 1 0 1 1 0 1 1 1 1 
0 0 0 0 0 0 0 0 0 0 0 0 0 0 1 1 0 1 0 0 
0 0 0 0 0 0 0 0 0 0 0 0 0 0 1 1 1 0 1 1 
0 0 0 0 0 0 0 0 0 0 0 0 0 0 1 1 0 1 0 0 
0 0 0 0 0 0 0 0 0 0 0 0 0 0 1 1 0 1 0 0 
No.80It's not a hypereuler graph(All conditions are not met):
0 1 1 1 1 1 1 1 0 0 0 0 0 0 0 0 0 0 0 0 
1 0 0 0 1 0 1 1 1 1 1 1 1 1 1 0 0 0 0 0 
1 0 0 0 0 0 0 0 0 0 0 0 0 0 0 0 0 0 0 0 
1 0 0 0 0 0 0 0 0 0 0 0 0 0 0 0 0 0 0 0 
1 1 0 0 0 0 1 1 1 0 0 0 0 0 0 0 0 0 0 0 
1 0 0 0 0 0 0 0 0 0 0 0 0 0 0 0 0 0 0 0 
1 1 0 0 1 0 0 0 0 0 0 0 0 0 0 0 0 0 0 0 
1 1 0 0 1 0 0 0 1 1 1 0 1 1 1 0 0 0 0 0 
0 1 0 0 1 0 0 1 0 1 1 0 0 0 0 0 0 0 0 0 
0 1 0 0 0 0 0 1 1 0 1 0 1 1 1 0 0 0 0 0 
0 1 0 0 0 0 0 1 1 1 0 0 1 1 1 1 1 1 1 0 
0 1 0 0 0 0 0 0 0 0 0 0 0 0 0 0 0 0 0 0 
0 1 0 0 0 0 0 1 0 1 1 0 0 1 1 1 0 0 0 0 
0 1 0 0 0 0 0 1 0 1 1 0 1 0 1 1 0 0 0 0 
0 1 0 0 0 0 0 1 0 1 1 0 1 1 0 1 1 1 1 1 
0 0 0 0 0 0 0 0 0 0 1 0 1 1 1 0 1 1 1 0 
0 0 0 0 0 0 0 0 0 0 1 0 0 0 1 1 0 0 0 0 
0 0 0 0 0 0 0 0 0 0 1 0 0 0 1 1 0 0 0 0 
0 0 0 0 0 0 0 0 0 0 1 0 0 0 1 1 0 0 0 0 
0 0 0 0 0 0 0 0 0 0 0 0 0 0 1 0 0 0 0 0 
No.81It's not a hypereuler graph(All conditions are not met):
0 1 1 1 1 1 0 0 0 0 0 0 0 0 0 0 0 0 0 0 
1 0 1 1 0 1 1 1 1 1 1 0 0 0 0 0 0 0 0 0 
1 1 0 1 0 1 1 1 1 1 1 0 0 0 0 0 0 0 0 0 
1 1 1 0 0 0 0 0 0 0 0 0 0 0 0 0 0 0 0 0 
1 0 0 0 0 0 0 0 0 0 0 0 0 0 0 0 0 0 0 0 
1 1 1 0 0 0 0 0 0 0 0 0 0 0 0 0 0 0 0 0 
0 1 1 0 0 0 0 1 1 1 0 0 0 0 0 0 0 0 0 0 
0 1 1 0 0 0 1 0 0 1 1 1 1 1 1 1 1 1 1 0 
0 1 1 0 0 0 1 0 0 0 0 0 0 0 0 0 0 0 0 0 
0 1 1 0 0 0 1 1 0 0 1 0 1 0 1 0 0 0 0 0 
0 1 1 0 0 0 0 1 0 1 0 0 1 0 0 0 0 0 0 0 
0 0 0 0 0 0 0 1 0 0 0 0 0 0 0 0 0 0 0 0 
0 0 0 0 0 0 0 1 0 1 1 0 0 0 0 0 0 0 0 0 
0 0 0 0 0 0 0 1 0 0 0 0 0 0 0 0 0 0 0 0 
0 0 0 0 0 0 0 1 0 1 0 0 0 0 0 1 1 1 0 0 
0 0 0 0 0 0 0 1 0 0 0 0 0 0 1 0 1 1 1 0 
0 0 0 0 0 0 0 1 0 0 0 0 0 0 1 1 0 1 1 0 
0 0 0 0 0 0 0 1 0 0 0 0 0 0 1 1 1 0 0 1 
0 0 0 0 0 0 0 1 0 0 0 0 0 0 0 1 1 0 0 0 
0 0 0 0 0 0 0 0 0 0 0 0 0 0 0 0 0 1 0 0 
No.82It's not a hypereuler graph(All conditions are not met):
0 1 1 1 1 1 1 1 1 1 1 1 0 0 0 0 0 0 0 0 
1 0 1 1 0 1 1 0 0 0 0 0 0 0 0 0 0 0 0 0 
1 1 0 1 0 1 1 1 1 1 0 1 1 1 1 1 0 0 0 0 
1 1 1 0 0 0 0 0 0 0 0 0 0 0 0 0 0 0 0 0 
1 0 0 0 0 0 0 0 0 0 0 0 0 0 0 0 0 0 0 0 
1 1 1 0 0 0 1 1 1 1 0 1 1 0 0 0 0 0 0 0 
1 1 1 0 0 1 0 1 1 1 0 1 1 1 1 0 0 0 0 0 
1 0 1 0 0 1 1 0 1 1 0 1 1 1 0 0 0 0 0 0 
1 0 1 0 0 1 1 1 0 1 0 1 1 1 1 0 1 1 1 0 
1 0 1 0 0 1 1 1 1 0 0 1 1 1 1 0 1 1 1 0 
1 0 0 0 0 0 0 0 0 0 0 0 0 0 0 0 0 0 0 0 
1 0 1 0 0 1 1 1 1 1 0 0 1 0 1 0 1 1 0 0 
0 0 1 0 0 1 1 1 1 1 0 1 0 0 1 0 0 0 1 0 
0 0 1 0 0 0 1 1 1 1 0 0 0 0 0 0 0 0 0 0 
0 0 1 0 0 0 1 0 1 1 0 1 1 0 0 0 0 0 1 0 
0 0 1 0 0 0 0 0 0 0 0 0 0 0 0 0 0 0 0 0 
0 0 0 0 0 0 0 0 1 1 0 1 0 0 0 0 0 0 0 0 
0 0 0 0 0 0 0 0 1 1 0 1 0 0 0 0 0 0 0 0 
0 0 0 0 0 0 0 0 1 1 0 0 1 0 1 0 0 0 0 1 
0 0 0 0 0 0 0 0 0 0 0 0 0 0 0 0 0 0 1 0 
No.83It's not a hypereuler graph(All conditions are not met):
0 1 1 1 1 1 1 1 0 0 0 0 0 0 0 0 0 0 0 0 
1 0 1 1 1 1 1 1 0 0 0 0 0 0 0 0 0 0 0 0 
1 1 0 1 1 1 1 1 1 1 1 1 0 0 0 0 0 0 0 0 
1 1 1 0 1 0 0 1 1 1 1 1 1 1 1 1 0 0 0 0 
1 1 1 1 0 0 0 1 1 1 1 1 1 1 1 0 1 0 0 0 
1 1 1 0 0 0 0 0 0 0 0 0 0 0 0 0 0 0 0 0 
1 1 1 0 0 0 0 0 0 0 0 0 0 0 0 0 0 0 0 0 
1 1 1 1 1 0 0 0 1 1 1 1 1 1 1 0 1 0 0 0 
0 0 1 1 1 0 0 1 0 1 1 1 1 0 1 0 1 1 1 1 
0 0 1 1 1 0 0 1 1 0 1 1 0 0 0 0 0 0 0 0 
0 0 1 1 1 0 0 1 1 1 0 1 1 0 1 0 0 0 0 0 
0 0 1 1 1 0 0 1 1 1 1 0 1 0 0 0 1 1 0 1 
0 0 0 1 1 0 0 1 1 0 1 1 0 0 0 0 1 0 0 0 
0 0 0 1 1 0 0 1 0 0 0 0 0 0 0 0 0 0 0 0 
0 0 0 1 1 0 0 1 1 0 1 0 0 0 0 0 0 0 0 0 
0 0 0 1 0 0 0 0 0 0 0 0 0 0 0 0 0 0 0 0 
0 0 0 0 1 0 0 1 1 0 0 1 1 0 0 0 0 1 0 1 
0 0 0 0 0 0 0 0 1 0 0 1 0 0 0 0 1 0 0 0 
0 0 0 0 0 0 0 0 1 0 0 0 0 0 0 0 0 0 0 0 
0 0 0 0 0 0 0 0 1 0 0 1 0 0 0 0 1 0 0 0 
No.84It's not a hypereuler graph(All conditions are not met):
0 1 0 0 0 0 0 0 0 0 0 0 0 0 0 0 0 0 0 0 
1 0 1 1 1 1 1 1 1 1 1 1 0 0 0 0 0 0 0 0 
0 1 0 1 1 0 1 1 0 0 0 0 0 0 0 0 0 0 0 0 
0 1 1 0 1 0 0 0 0 0 0 0 0 0 0 0 0 0 0 0 
0 1 1 1 0 0 1 1 1 1 1 1 0 0 0 0 0 0 0 0 
0 1 0 0 0 0 0 0 0 0 0 0 0 0 0 0 0 0 0 0 
0 1 1 0 1 0 0 1 1 0 0 0 0 0 0 0 0 0 0 0 
0 1 1 0 1 0 1 0 1 1 1 1 1 1 1 1 1 0 0 0 
0 1 0 0 1 0 1 1 0 1 1 1 1 0 1 0 0 0 0 0 
0 1 0 0 1 0 0 1 1 0 1 1 1 0 1 1 1 1 0 0 
0 1 0 0 1 0 0 1 1 1 0 1 1 0 1 1 1 1 1 1 
0 1 0 0 1 0 0 1 1 1 1 0 1 0 1 1 0 0 0 0 
0 0 0 0 0 0 0 1 1 1 1 1 0 0 1 1 0 1 1 0 
0 0 0 0 0 0 0 1 0 0 0 0 0 0 0 0 0 0 0 0 
0 0 0 0 0 0 0 1 1 1 1 1 1 0 0 1 0 1 1 0 
0 0 0 0 0 0 0 1 0 1 1 1 1 0 1 0 0 1 1 1 
0 0 0 0 0 0 0 1 0 1 1 0 0 0 0 0 0 0 0 0 
0 0 0 0 0 0 0 0 0 1 1 0 1 0 1 1 0 0 1 1 
0 0 0 0 0 0 0 0 0 0 1 0 1 0 1 1 0 1 0 0 
0 0 0 0 0 0 0 0 0 0 1 0 0 0 0 1 0 1 0 0 
No.85It's not a hypereuler graph(All conditions are not met):
0 1 0 0 0 0 0 0 0 0 0 0 0 0 0 0 0 0 0 0 
1 0 1 1 1 1 1 1 0 0 0 0 0 0 0 0 0 0 0 0 
0 1 0 1 1 1 1 1 1 0 0 0 0 0 0 0 0 0 0 0 
0 1 1 0 1 0 0 0 0 0 0 0 0 0 0 0 0 0 0 0 
0 1 1 1 0 1 1 1 1 1 1 1 1 1 1 0 0 0 0 0 
0 1 1 0 1 0 1 1 1 1 0 1 1 1 1 1 1 0 0 0 
0 1 1 0 1 1 0 1 1 1 0 1 1 0 0 0 0 0 0 0 
0 1 1 0 1 1 1 0 1 1 0 1 1 1 1 1 1 0 0 0 
0 0 1 0 1 1 1 1 0 1 0 1 0 0 0 0 0 0 0 0 
0 0 0 0 1 1 1 1 1 0 0 0 1 0 1 1 1 1 1 0 
0 0 0 0 1 0 0 0 0 0 0 0 0 0 0 0 0 0 0 0 
0 0 0 0 1 1 1 1 1 0 0 0 0 0 0 0 0 0 0 0 
0 0 0 0 1 1 1 1 0 1 0 0 0 0 1 1 1 1 1 1 
0 0 0 0 1 1 0 1 0 0 0 0 0 0 0 0 0 0 0 0 
0 0 0 0 1 1 0 1 0 1 0 0 1 0 0 1 1 0 0 0 
0 0 0 0 0 1 0 1 0 1 0 0 1 0 1 0 1 1 1 1 
0 0 0 0 0 1 0 1 0 1 0 0 1 0 1 1 0 0 0 1 
0 0 0 0 0 0 0 0 0 1 0 0 1 0 0 1 0 0 0 0 
0 0 0 0 0 0 0 0 0 1 0 0 1 0 0 1 0 0 0 0 
0 0 0 0 0 0 0 0 0 0 0 0 1 0 0 1 1 0 0 0 
No.86It's not a hypereuler graph(All conditions are not met):
0 1 1 1 1 1 1 1 1 1 1 1 1 1 0 0 0 0 0 0 
1 0 1 1 1 1 1 1 1 1 1 1 0 0 0 0 0 0 0 0 
1 1 0 1 1 1 1 1 1 1 1 1 0 0 0 0 0 0 0 0 
1 1 1 0 1 1 1 1 1 1 1 1 1 1 0 0 0 0 0 0 
1 1 1 1 0 1 1 1 1 1 1 1 0 0 0 0 0 0 0 0 
1 1 1 1 1 0 0 0 1 1 1 1 1 1 1 1 0 0 0 0 
1 1 1 1 1 0 0 0 0 0 0 0 0 0 0 0 0 0 0 0 
1 1 1 1 1 0 0 0 0 0 0 0 0 0 0 0 0 0 0 0 
1 1 1 1 1 1 0 0 0 1 1 1 1 1 0 0 0 0 0 0 
1 1 1 1 1 1 0 0 1 0 1 1 1 1 1 1 0 0 0 0 
1 1 1 1 1 1 0 0 1 1 0 1 1 1 1 1 0 0 0 0 
1 1 1 1 1 1 0 0 1 1 1 0 1 1 1 1 0 0 0 0 
1 0 0 1 0 1 0 0 1 1 1 1 0 1 1 1 1 0 0 0 
1 0 0 1 0 1 0 0 1 1 1 1 1 0 1 0 0 0 0 0 
0 0 0 0 0 1 0 0 0 1 1 1 1 1 0 1 0 0 0 0 
0 0 0 0 0 1 0 0 0 1 1 1 1 0 1 0 0 1 1 1 
0 0 0 0 0 0 0 0 0 0 0 0 1 0 0 0 0 0 0 0 
0 0 0 0 0 0 0 0 0 0 0 0 0 0 0 1 0 0 0 0 
0 0 0 0 0 0 0 0 0 0 0 0 0 0 0 1 0 0 0 0 
0 0 0 0 0 0 0 0 0 0 0 0 0 0 0 1 0 0 0 0 
No.87It's not a hypereuler graph(All conditions are not met):
0 1 1 1 1 1 1 1 0 0 0 0 0 0 0 0 0 0 0 0 
1 0 0 0 0 0 0 0 0 0 0 0 0 0 0 0 0 0 0 0 
1 0 0 1 0 1 1 1 1 1 1 1 1 1 1 1 0 0 0 0 
1 0 1 0 0 1 1 1 1 1 0 0 0 0 0 0 0 0 0 0 
1 0 0 0 0 0 0 0 0 0 0 0 0 0 0 0 0 0 0 0 
1 0 1 1 0 0 0 0 0 0 0 0 0 0 0 0 0 0 0 0 
1 0 1 1 0 0 0 1 1 1 1 1 1 0 0 0 0 0 0 0 
1 0 1 1 0 0 1 0 0 1 1 1 1 0 1 1 1 1 1 0 
0 0 1 1 0 0 1 0 0 0 0 0 0 0 0 0 0 0 0 0 
0 0 1 1 0 0 1 1 0 0 1 1 1 0 1 1 0 0 0 0 
0 0 1 0 0 0 1 1 0 1 0 1 1 0 0 1 1 1 1 1 
0 0 1 0 0 0 1 1 0 1 1 0 1 0 0 1 1 1 1 1 
0 0 1 0 0 0 1 1 0 1 1 1 0 0 0 1 1 1 1 1 
0 0 1 0 0 0 0 0 0 0 0 0 0 0 0 0 0 0 0 0 
0 0 1 0 0 0 0 1 0 1 0 0 0 0 0 0 0 0 0 0 
0 0 1 0 0 0 0 1 0 1 1 1 1 0 0 0 1 0 0 0 
0 0 0 0 0 0 0 1 0 0 1 1 1 0 0 1 0 0 0 0 
0 0 0 0 0 0 0 1 0 0 1 1 1 0 0 0 0 0 1 0 
0 0 0 0 0 0 0 1 0 0 1 1 1 0 0 0 0 1 0 0 
0 0 0 0 0 0 0 0 0 0 1 1 1 0 0 0 0 0 0 0 
No.88It's not a hypereuler graph(All conditions are not met):
0 1 1 1 1 1 1 1 0 0 0 0 0 0 0 0 0 0 0 0 
1 0 0 0 1 1 1 1 1 1 1 1 1 1 0 0 0 0 0 0 
1 0 0 0 0 0 0 0 0 0 0 0 0 0 0 0 0 0 0 0 
1 0 0 0 0 0 0 0 0 0 0 0 0 0 0 0 0 0 0 0 
1 1 0 0 0 1 1 1 0 0 0 0 0 0 0 0 0 0 0 0 
1 1 0 0 1 0 1 1 0 0 0 0 0 0 0 0 0 0 0 0 
1 1 0 0 1 1 0 1 1 1 0 0 0 0 0 0 0 0 0 0 
1 1 0 0 1 1 1 0 1 1 1 1 0 0 0 0 0 0 0 0 
0 1 0 0 0 0 1 1 0 0 0 0 0 0 0 0 0 0 0 0 
0 1 0 0 0 0 1 1 0 0 0 0 0 0 0 0 0 0 0 0 
0 1 0 0 0 0 0 1 0 0 0 1 1 1 1 1 1 1 0 0 
0 1 0 0 0 0 0 1 0 0 1 0 1 1 0 0 0 0 0 0 
0 1 0 0 0 0 0 0 0 0 1 1 0 1 0 1 1 0 1 0 
0 1 0 0 0 0 0 0 0 0 1 1 1 0 0 1 1 0 1 0 
0 0 0 0 0 0 0 0 0 0 1 0 0 0 0 0 0 0 0 0 
0 0 0 0 0 0 0 0 0 0 1 0 1 1 0 0 0 0 0 0 
0 0 0 0 0 0 0 0 0 0 1 0 1 1 0 0 0 0 0 0 
0 0 0 0 0 0 0 0 0 0 1 0 0 0 0 0 0 0 0 0 
0 0 0 0 0 0 0 0 0 0 0 0 1 1 0 0 0 0 0 1 
0 0 0 0 0 0 0 0 0 0 0 0 0 0 0 0 0 0 1 0 
No.89It's not a hypereuler graph(All conditions are not met):
0 1 1 1 1 1 1 1 1 1 0 0 0 0 0 0 0 0 0 0 
1 0 1 1 1 1 1 0 1 1 1 0 0 0 0 0 0 0 0 0 
1 1 0 1 1 1 0 0 0 0 0 0 0 0 0 0 0 0 0 0 
1 1 1 0 0 0 0 0 0 0 0 0 0 0 0 0 0 0 0 0 
1 1 1 0 0 1 1 0 1 1 1 1 1 1 1 1 0 0 0 0 
1 1 1 0 1 0 0 0 1 1 1 1 1 1 1 1 1 0 0 0 
1 1 0 0 1 0 0 0 0 0 0 0 0 0 0 0 0 0 0 0 
1 0 0 0 0 0 0 0 0 0 0 0 0 0 0 0 0 0 0 0 
1 1 0 0 1 1 0 0 0 1 0 0 0 0 0 0 0 0 0 0 
1 1 0 0 1 1 0 0 1 0 1 1 1 1 1 1 1 1 0 0 
0 1 0 0 1 1 0 0 0 1 0 1 1 1 1 1 0 0 0 0 
0 0 0 0 1 1 0 0 0 1 1 0 1 0 0 0 0 0 0 0 
0 0 0 0 1 1 0 0 0 1 1 1 0 1 1 1 1 1 1 0 
0 0 0 0 1 1 0 0 0 1 1 0 1 0 1 1 1 1 0 0 
0 0 0 0 1 1 0 0 0 1 1 0 1 1 0 1 0 0 0 0 
0 0 0 0 1 1 0 0 0 1 1 0 1 1 1 0 0 0 0 0 
0 0 0 0 0 1 0 0 0 1 0 0 1 1 0 0 0 1 0 0 
0 0 0 0 0 0 0 0 0 1 0 0 1 1 0 0 1 0 0 1 
0 0 0 0 0 0 0 0 0 0 0 0 1 0 0 0 0 0 0 0 
0 0 0 0 0 0 0 0 0 0 0 0 0 0 0 0 0 1 0 0 
No.90It's not a hypereuler graph(All conditions are not met):
0 1 1 1 1 1 0 0 0 0 0 0 0 0 0 0 0 0 0 0 
1 0 0 1 1 0 0 0 0 0 0 0 0 0 0 0 0 0 0 0 
1 0 0 0 0 0 0 0 0 0 0 0 0 0 0 0 0 0 0 0 
1 1 0 0 1 1 1 0 0 0 0 0 0 0 0 0 0 0 0 0 
1 1 0 1 0 1 0 1 1 1 1 1 0 0 0 0 0 0 0 0 
1 0 0 1 1 0 0 1 1 1 1 1 1 1 1 0 0 0 0 0 
0 0 0 1 0 0 0 0 0 0 0 0 0 0 0 0 0 0 0 0 
0 0 0 0 1 1 0 0 1 1 1 1 1 0 0 0 0 0 0 0 
0 0 0 0 1 1 0 1 0 1 1 1 1 1 1 1 1 0 0 0 
0 0 0 0 1 1 0 1 1 0 1 1 0 1 1 0 1 1 1 0 
0 0 0 0 1 1 0 1 1 1 0 1 0 1 1 0 1 0 0 0 
0 0 0 0 1 1 0 1 1 1 1 0 0 1 1 0 1 0 1 1 
0 0 0 0 0 1 0 1 1 0 0 0 0 0 0 0 0 0 0 0 
0 0 0 0 0 1 0 0 1 1 1 1 0 0 1 0 1 0 1 1 
0 0 0 0 0 1 0 0 1 1 1 1 0 1 0 0 1 0 0 0 
0 0 0 0 0 0 0 0 1 0 0 0 0 0 0 0 0 0 0 0 
0 0 0 0 0 0 0 0 1 1 1 1 0 1 1 0 0 0 0 1 
0 0 0 0 0 0 0 0 0 1 0 0 0 0 0 0 0 0 0 0 
0 0 0 0 0 0 0 0 0 1 0 1 0 1 0 0 0 0 0 0 
0 0 0 0 0 0 0 0 0 0 0 1 0 1 0 0 1 0 0 0 
No.91It's not a hypereuler graph(All conditions are not met):
0 1 1 1 1 1 1 1 1 1 1 1 0 0 0 0 0 0 0 0 
1 0 0 0 0 0 0 0 0 0 0 0 0 0 0 0 0 0 0 0 
1 0 0 0 0 0 0 0 0 0 0 0 0 0 0 0 0 0 0 0 
1 0 0 0 1 1 0 1 1 1 0 0 1 1 1 1 1 0 0 0 
1 0 0 1 0 1 0 1 1 1 0 0 1 0 0 0 0 0 0 0 
1 0 0 1 1 0 0 0 0 0 0 0 0 0 0 0 0 0 0 0 
1 0 0 0 0 0 0 0 0 0 0 0 0 0 0 0 0 0 0 0 
1 0 0 1 1 0 0 0 0 0 0 0 0 0 0 0 0 0 0 0 
1 0 0 1 1 0 0 0 0 1 0 0 1 1 1 1 0 1 1 1 
1 0 0 1 1 0 0 0 1 0 0 0 1 0 0 0 0 0 0 0 
1 0 0 0 0 0 0 0 0 0 0 0 0 0 0 0 0 0 0 0 
1 0 0 0 0 0 0 0 0 0 0 0 0 0 0 0 0 0 0 0 
0 0 0 1 1 0 0 0 1 1 0 0 0 1 0 0 0 0 0 0 
0 0 0 1 0 0 0 0 1 0 0 0 1 0 1 1 0 0 0 0 
0 0 0 1 0 0 0 0 1 0 0 0 0 1 0 0 0 0 0 0 
0 0 0 1 0 0 0 0 1 0 0 0 0 1 0 0 0 1 1 0 
0 0 0 1 0 0 0 0 0 0 0 0 0 0 0 0 0 0 0 0 
0 0 0 0 0 0 0 0 1 0 0 0 0 0 0 1 0 0 1 0 
0 0 0 0 0 0 0 0 1 0 0 0 0 0 0 1 0 1 0 0 
0 0 0 0 0 0 0 0 1 0 0 0 0 0 0 0 0 0 0 0 
No.92It's not a hypereuler graph(All conditions are not met):
0 1 1 1 1 1 1 1 1 1 1 1 0 0 0 0 0 0 0 0 
1 0 1 1 1 0 1 1 1 1 0 1 1 1 0 0 0 0 0 0 
1 1 0 1 1 0 1 1 1 1 0 1 0 1 1 1 1 0 0 0 
1 1 1 0 1 0 1 1 1 1 0 1 0 1 1 0 1 1 0 0 
1 1 1 1 0 0 1 1 1 0 0 0 0 0 0 0 0 0 0 0 
1 0 0 0 0 0 0 0 0 0 0 0 0 0 0 0 0 0 0 0 
1 1 1 1 1 0 0 0 0 0 0 0 0 0 0 0 0 0 0 0 
1 1 1 1 1 0 0 0 1 1 0 1 0 1 1 0 1 1 1 0 
1 1 1 1 1 0 0 1 0 1 0 1 0 1 1 0 1 1 1 0 
1 1 1 1 0 0 0 1 1 0 0 1 0 1 1 0 0 0 0 0 
1 0 0 0 0 0 0 0 0 0 0 0 0 0 0 0 0 0 0 0 
1 1 1 1 0 0 0 1 1 1 0 0 0 1 1 0 1 1 1 1 
0 1 0 0 0 0 0 0 0 0 0 0 0 0 0 0 0 0 0 0 
0 1 1 1 0 0 0 1 1 1 0 1 0 0 1 0 1 0 0 0 
0 0 1 1 0 0 0 1 1 1 0 1 0 1 0 0 1 1 1 1 
0 0 1 0 0 0 0 0 0 0 0 0 0 0 0 0 0 0 0 0 
0 0 1 1 0 0 0 1 1 0 0 1 0 1 1 0 0 1 1 0 
0 0 0 1 0 0 0 1 1 0 0 1 0 0 1 0 1 0 1 0 
0 0 0 0 0 0 0 1 1 0 0 1 0 0 1 0 1 1 0 1 
0 0 0 0 0 0 0 0 0 0 0 1 0 0 1 0 0 0 1 0 
No.93It's not a hypereuler graph(All conditions are not met):
0 1 1 1 1 1 0 0 0 0 0 0 0 0 0 0 0 0 0 0 
1 0 1 0 1 1 1 1 1 0 0 0 0 0 0 0 0 0 0 0 
1 1 0 0 1 0 0 0 0 0 0 0 0 0 0 0 0 0 0 0 
1 0 0 0 0 0 0 0 0 0 0 0 0 0 0 0 0 0 0 0 
1 1 1 0 0 0 0 0 0 0 0 0 0 0 0 0 0 0 0 0 
1 1 0 0 0 0 1 1 1 1 1 1 1 1 1 0 0 0 0 0 
0 1 0 0 0 1 0 1 1 0 1 1 1 0 0 0 0 0 0 0 
0 1 0 0 0 1 1 0 0 0 0 0 0 0 0 0 0 0 0 0 
0 1 0 0 0 1 1 0 0 0 1 1 1 1 1 1 0 0 0 0 
0 0 0 0 0 1 0 0 0 0 0 0 0 0 0 0 0 0 0 0 
0 0 0 0 0 1 1 0 1 0 0 0 0 0 0 0 0 0 0 0 
0 0 0 0 0 1 1 0 1 0 0 0 1 1 0 0 0 0 0 0 
0 0 0 0 0 1 1 0 1 0 0 1 0 1 1 0 1 1 1 0 
0 0 0 0 0 1 0 0 1 0 0 1 1 0 1 0 1 1 0 0 
0 0 0 0 0 1 0 0 1 0 0 0 1 1 0 0 1 1 0 1 
0 0 0 0 0 0 0 0 1 0 0 0 0 0 0 0 0 0 0 0 
0 0 0 0 0 0 0 0 0 0 0 0 1 1 1 0 0 0 0 0 
0 0 0 0 0 0 0 0 0 0 0 0 1 1 1 0 0 0 0 0 
0 0 0 0 0 0 0 0 0 0 0 0 1 0 0 0 0 0 0 0 
0 0 0 0 0 0 0 0 0 0 0 0 0 0 1 0 0 0 0 0 
No.94It's not a hypereuler graph(All conditions are not met):
0 1 1 1 1 1 1 1 1 1 0 0 0 0 0 0 0 0 0 0 
1 0 1 1 1 1 0 0 0 0 0 0 0 0 0 0 0 0 0 0 
1 1 0 1 1 1 0 1 1 1 1 1 1 1 1 0 0 0 0 0 
1 1 1 0 1 1 0 1 1 1 1 1 1 1 1 0 0 0 0 0 
1 1 1 1 0 1 0 0 0 0 0 0 0 0 0 0 0 0 0 0 
1 1 1 1 1 0 0 1 1 1 1 1 1 0 0 0 0 0 0 0 
1 0 0 0 0 0 0 0 0 0 0 0 0 0 0 0 0 0 0 0 
1 0 1 1 0 1 0 0 1 1 0 1 1 1 1 1 0 0 0 0 
1 0 1 1 0 1 0 1 0 1 0 1 1 1 0 0 0 0 0 0 
1 0 1 1 0 1 0 1 1 0 0 0 1 1 1 1 1 1 1 0 
0 0 1 1 0 1 0 0 0 0 0 0 0 0 0 0 0 0 0 0 
0 0 1 1 0 1 0 1 1 0 0 0 0 0 0 0 0 0 0 0 
0 0 1 1 0 1 0 1 1 1 0 0 0 1 1 1 0 0 0 0 
0 0 1 1 0 0 0 1 1 1 0 0 1 0 1 1 1 0 0 0 
0 0 1 1 0 0 0 1 0 1 0 0 1 1 0 1 0 0 0 0 
0 0 0 0 0 0 0 1 0 1 0 0 1 1 1 0 1 0 0 1 
0 0 0 0 0 0 0 0 0 1 0 0 0 1 0 1 0 0 0 0 
0 0 0 0 0 0 0 0 0 1 0 0 0 0 0 0 0 0 0 0 
0 0 0 0 0 0 0 0 0 1 0 0 0 0 0 0 0 0 0 0 
0 0 0 0 0 0 0 0 0 0 0 0 0 0 0 1 0 0 0 0 
No.95It's not a hypereuler graph(All conditions are not met):
0 1 1 1 1 1 1 1 1 1 1 1 1 1 0 0 0 0 0 0 
1 0 1 1 1 1 1 1 1 1 0 1 1 0 0 0 0 0 0 0 
1 1 0 1 1 1 0 0 0 0 0 0 0 0 0 0 0 0 0 0 
1 1 1 0 0 1 1 1 1 1 0 1 1 1 1 1 0 0 0 0 
1 1 1 0 0 0 0 0 0 0 0 0 0 0 0 0 0 0 0 0 
1 1 1 1 0 0 1 0 0 0 0 0 0 0 0 0 0 0 0 0 
1 1 0 1 0 1 0 1 1 1 0 0 0 1 1 1 1 1 1 0 
1 1 0 1 0 0 1 0 1 1 0 0 0 1 1 1 1 1 1 1 
1 1 0 1 0 0 1 1 0 0 0 0 0 0 0 0 0 0 0 0 
1 1 0 1 0 0 1 1 0 0 0 0 0 1 1 0 1 1 0 0 
1 0 0 0 0 0 0 0 0 0 0 0 0 0 0 0 0 0 0 0 
1 1 0 1 0 0 0 0 0 0 0 0 0 0 0 0 0 0 0 0 
1 1 0 1 0 0 0 0 0 0 0 0 0 0 0 0 0 0 0 0 
1 0 0 1 0 0 1 1 0 1 0 0 0 0 1 0 1 0 0 0 
0 0 0 1 0 0 1 1 0 1 0 0 0 1 0 0 1 1 1 1 
0 0 0 1 0 0 1 1 0 0 0 0 0 0 0 0 0 0 0 0 
0 0 0 0 0 0 1 1 0 1 0 0 0 1 1 0 0 1 1 0 
0 0 0 0 0 0 1 1 0 1 0 0 0 0 1 0 1 0 1 1 
0 0 0 0 0 0 1 1 0 0 0 0 0 0 1 0 1 1 0 0 
0 0 0 0 0 0 0 1 0 0 0 0 0 0 1 0 0 1 0 0 
No.96It's not a hypereuler graph(All conditions are not met):
0 1 1 1 1 1 1 1 1 1 1 1 1 1 0 0 0 0 0 0 
1 0 1 1 0 0 0 0 0 0 0 0 0 0 0 0 0 0 0 0 
1 1 0 1 1 1 0 1 1 1 1 0 0 0 0 0 0 0 0 0 
1 1 1 0 1 1 0 1 1 0 0 0 0 0 0 0 0 0 0 0 
1 0 1 1 0 0 0 1 0 1 1 1 1 1 0 0 0 0 0 0 
1 0 1 1 0 0 0 0 0 0 0 0 0 0 0 0 0 0 0 0 
1 0 0 0 0 0 0 0 0 0 0 0 0 0 0 0 0 0 0 0 
1 0 1 1 1 0 0 0 0 1 1 1 1 1 0 0 0 0 0 0 
1 0 1 1 0 0 0 0 0 0 0 0 0 0 0 0 0 0 0 0 
1 0 1 0 1 0 0 1 0 0 1 1 1 1 1 1 1 0 0 0 
1 0 1 0 1 0 0 1 0 1 0 1 1 0 0 0 0 0 0 0 
1 0 0 0 1 0 0 1 0 1 1 0 0 0 0 0 0 0 0 0 
1 0 0 0 1 0 0 1 0 1 1 0 0 1 1 1 1 1 1 0 
1 0 0 0 1 0 0 1 0 1 0 0 1 0 1 1 1 1 0 0 
0 0 0 0 0 0 0 0 0 1 0 0 1 1 0 1 1 1 1 0 
0 0 0 0 0 0 0 0 0 1 0 0 1 1 1 0 1 0 1 1 
0 0 0 0 0 0 0 0 0 1 0 0 1 1 1 1 0 0 0 0 
0 0 0 0 0 0 0 0 0 0 0 0 1 1 1 0 0 0 0 0 
0 0 0 0 0 0 0 0 0 0 0 0 1 0 1 1 0 0 0 0 
0 0 0 0 0 0 0 0 0 0 0 0 0 0 0 1 0 0 0 0 
No.97It's not a hypereuler graph(All conditions are not met):
0 1 1 1 1 1 1 1 1 1 1 1 0 0 0 0 0 0 0 0 
1 0 1 0 1 1 1 0 0 0 0 0 0 0 0 0 0 0 0 0 
1 1 0 0 1 1 1 0 0 0 0 0 0 0 0 0 0 0 0 0 
1 0 0 0 0 0 0 0 0 0 0 0 0 0 0 0 0 0 0 0 
1 1 1 0 0 1 0 1 1 1 0 0 0 0 0 0 0 0 0 0 
1 1 1 0 1 0 0 1 1 1 1 1 1 1 1 1 0 0 0 0 
1 1 1 0 0 0 0 0 0 0 0 0 0 0 0 0 0 0 0 0 
1 0 0 0 1 1 0 0 1 1 1 1 1 1 1 0 1 0 0 0 
1 0 0 0 1 1 0 1 0 1 1 1 1 1 0 0 0 0 0 0 
1 0 0 0 1 1 0 1 1 0 1 1 0 0 0 0 0 0 0 0 
1 0 0 0 0 1 0 1 1 1 0 1 1 1 1 0 0 0 0 0 
1 0 0 0 0 1 0 1 1 1 1 0 1 1 0 0 0 1 1 1 
0 0 0 0 0 1 0 1 1 0 1 1 0 0 0 0 0 0 0 0 
0 0 0 0 0 1 0 1 1 0 1 1 0 0 0 0 0 0 0 0 
0 0 0 0 0 1 0 1 0 0 1 0 0 0 0 0 0 0 0 0 
0 0 0 0 0 1 0 0 0 0 0 0 0 0 0 0 0 0 0 0 
0 0 0 0 0 0 0 1 0 0 0 0 0 0 0 0 0 0 0 0 
0 0 0 0 0 0 0 0 0 0 0 1 0 0 0 0 0 0 0 0 
0 0 0 0 0 0 0 0 0 0 0 1 0 0 0 0 0 0 0 0 
0 0 0 0 0 0 0 0 0 0 0 1 0 0 0 0 0 0 0 0 
No.98It's not a hypereuler graph(All conditions are not met):
0 1 1 1 1 1 1 1 1 1 1 1 1 1 0 0 0 0 0 0 
1 0 1 1 1 1 0 1 1 1 0 1 1 1 1 1 0 0 0 0 
1 1 0 1 1 1 0 1 1 1 0 1 1 1 1 1 0 0 0 0 
1 1 1 0 0 1 0 1 1 1 0 1 0 0 1 1 1 0 0 0 
1 1 1 0 0 0 0 0 0 0 0 0 0 0 0 0 0 0 0 0 
1 1 1 1 0 0 0 1 1 1 0 1 0 0 1 1 0 1 1 1 
1 0 0 0 0 0 0 0 0 0 0 0 0 0 0 0 0 0 0 0 
1 1 1 1 0 1 0 0 1 1 0 0 0 0 0 0 0 0 0 0 
1 1 1 1 0 1 0 1 0 1 0 0 0 0 1 1 0 0 0 0 
1 1 1 1 0 1 0 1 1 0 0 0 0 0 1 1 0 0 1 1 
1 0 0 0 0 0 0 0 0 0 0 0 0 0 0 0 0 0 0 0 
1 1 1 1 0 1 0 0 0 0 0 0 0 0 0 0 0 0 0 0 
1 1 1 0 0 0 0 0 0 0 0 0 0 0 0 0 0 0 0 0 
1 1 1 0 0 0 0 0 0 0 0 0 0 0 0 0 0 0 0 0 
0 1 1 1 0 1 0 0 1 1 0 0 0 0 0 1 0 0 0 0 
0 1 1 1 0 1 0 0 1 1 0 0 0 0 1 0 0 0 1 1 
0 0 0 1 0 0 0 0 0 0 0 0 0 0 0 0 0 0 0 0 
0 0 0 0 0 1 0 0 0 0 0 0 0 0 0 0 0 0 0 0 
0 0 0 0 0 1 0 0 0 1 0 0 0 0 0 1 0 0 0 0 
0 0 0 0 0 1 0 0 0 1 0 0 0 0 0 1 0 0 0 0 
No.99It's not a hypereuler graph(All conditions are not met):
0 1 1 1 1 1 0 0 0 0 0 0 0 0 0 0 0 0 0 0 
1 0 0 1 1 0 0 0 0 0 0 0 0 0 0 0 0 0 0 0 
1 0 0 0 0 0 0 0 0 0 0 0 0 0 0 0 0 0 0 0 
1 1 0 0 1 1 1 1 1 0 0 0 0 0 0 0 0 0 0 0 
1 1 0 1 0 1 1 1 1 1 1 1 1 0 0 0 0 0 0 0 
1 0 0 1 1 0 1 1 1 1 1 1 0 1 1 0 0 0 0 0 
0 0 0 1 1 1 0 1 1 1 1 1 0 1 0 0 0 0 0 0 
0 0 0 1 1 1 1 0 1 1 1 0 0 0 0 0 0 0 0 0 
0 0 0 1 1 1 1 1 0 1 1 1 0 1 0 0 0 0 0 0 
0 0 0 0 1 1 1 1 1 0 1 1 0 1 1 0 0 0 0 0 
0 0 0 0 1 1 1 1 1 1 0 1 0 1 1 1 1 0 0 0 
0 0 0 0 1 1 1 0 1 1 1 0 0 1 1 1 0 0 0 0 
0 0 0 0 1 0 0 0 0 0 0 0 0 0 0 0 0 0 0 0 
0 0 0 0 0 1 1 0 1 1 1 1 0 0 1 1 1 1 1 0 
0 0 0 0 0 1 0 0 0 1 1 1 0 1 0 0 0 0 0 0 
0 0 0 0 0 0 0 0 0 0 1 1 0 1 0 0 1 1 1 1 
0 0 0 0 0 0 0 0 0 0 1 0 0 1 0 1 0 0 0 0 
0 0 0 0 0 0 0 0 0 0 0 0 0 1 0 1 0 0 1 0 
0 0 0 0 0 0 0 0 0 0 0 0 0 1 0 1 0 1 0 0 
0 0 0 0 0 0 0 0 0 0 0 0 0 0 0 1 0 0 0 0 
No.100It's not a hypereuler graph(All conditions are not met):
0 1 1 1 1 1 1 1 1 1 0 0 0 0 0 0 0 0 0 0 
1 0 1 1 1 1 0 0 0 0 0 0 0 0 0 0 0 0 0 0 
1 1 0 1 1 1 0 0 0 0 0 0 0 0 0 0 0 0 0 0 
1 1 1 0 1 1 0 0 0 0 0 0 0 0 0 0 0 0 0 0 
1 1 1 1 0 1 1 1 1 1 1 1 1 1 0 0 0 0 0 0 
1 1 1 1 1 0 0 0 0 0 0 0 0 0 0 0 0 0 0 0 
1 0 0 0 1 0 0 1 0 0 0 0 0 0 0 0 0 0 0 0 
1 0 0 0 1 0 1 0 1 1 1 1 1 0 1 0 0 0 0 0 
1 0 0 0 1 0 0 1 0 1 1 1 1 0 1 1 0 0 0 0 
1 0 0 0 1 0 0 1 1 0 1 1 1 0 1 1 1 1 0 0 
0 0 0 0 1 0 0 1 1 1 0 1 1 0 1 0 0 0 0 0 
0 0 0 0 1 0 0 1 1 1 1 0 0 0 1 1 0 0 0 0 
0 0 0 0 1 0 0 1 1 1 1 0 0 0 0 0 0 0 0 0 
0 0 0 0 1 0 0 0 0 0 0 0 0 0 0 0 0 0 0 0 
0 0 0 0 0 0 0 1 1 1 1 1 0 0 0 1 1 0 1 1 
0 0 0 0 0 0 0 0 1 1 0 1 0 0 1 0 1 0 1 1 
0 0 0 0 0 0 0 0 0 1 0 0 0 0 1 1 0 0 1 1 
0 0 0 0 0 0 0 0 0 1 0 0 0 0 0 0 0 0 0 0 
0 0 0 0 0 0 0 0 0 0 0 0 0 0 1 1 1 0 0 0 
0 0 0 0 0 0 0 0 0 0 0 0 0 0 1 1 1 0 0 0 
